0.0,0.0,0.169295558356,0.338564079645,0.50754953217,0.676423672492,0.843439642425,1.01031590458,1.175949042,1.34128897767,1.50390087615,1.66610511807,1.82667911814,1.98688280017,2.1414904228,2.29568825591,2.44726771844,2.59819231141,2.74396785357,2.88898791564,3.03109886209,3.17259705766,3.30499392029,3.43676450222,3.56470763742,3.6916902337,3.81161114846,3.93046708711,4.04505870962,4.15889749871,4.26080424665,4.36189122242,4.45833112183,4.55348239323,4.63978682699,4.72490588656,4.80475089689,4.88363325555,4.94873711994,5.01287963087,5.07178796329,5.12940862354,5.17648914595,5.22240015246,5.26002761041,5.29630849544,5.32086377954,5.34391174742,5.36080261004,5.3762481159,5.377738307,5.37825692479,5.37299649699,5.36645636902,5.34755217499,5.32782695214,5.30158435521,5.27409414519,5.23415257619,5.19311915716,5.14666814651,5.09885099613,5.03924594875,4.97890705264,4.91247754521,4.84491409167,4.76594502552,4.68591550696,4.60106371724,4.51501003516,4.41873740045,4.32186877571,4.21973152431,4.11661686612,4.00360795072,3.88976181704,3.77188139866,3.65306913584,3.52628398583,3.39896523063,3.26755465785,3.13545435182,2.99554993356,2.85500191753,2.71142851384,2.56717466066,2.41769418681,2.26771634721,2.11511114605,1.9620404035,1.80381525975,1.64524755435,1.48496779873,1.32430893908,1.16107169312,0.997533636296,0.83282872658,0.667950461383,0.501200111546,0.334353516106,0.16718505988,-1.71290423453e-15,-0.167166823254,-0.334297679552,-0.501101077691,-0.667775831615,-0.832810391847,-0.997708904713,-1.16133091536,-1.32478890629,-1.48515298324,-1.64516061033,-1.80354388774,-1.961492635,-2.11492140488,-2.26792467166,-2.41812408672,-2.56810394864,-2.71179846288,-2.85483897499,-2.99509027352,-3.13462810075,-3.26720373234,-3.39903841144,-3.5267890874,-3.6542861735,-3.77242629841,-3.88959132359,-4.00312414039,-4.11567079631,-4.21921870819,-4.32186073526,-4.41943415661,-4.51666232927,-4.60177655852,-4.68570569697,-4.76540132051,-4.84377831363,-4.91182935212,-4.97891355111,-5.03995247658,-5.10055479233,-5.14749132287,-5.19299291879,-5.23373053616,-5.27297148331,-5.3010134452,-5.32778185195,-5.34822455265,-5.3682498599,-5.37388095858,-5.37807985438,-5.37709066922,-5.37497831599,-5.36025202246,-5.3441664081,-5.3203899593,-5.29527178328,-5.25978782185,-5.22289570961,-5.17729824564,-5.13098441155,-5.07239781583,-5.0124392241,-4.94794219104,-4.88221205104,-4.80422746558,-4.72551325387,-4.64056046348,-4.55490718179,-4.45886530505,-4.36156007376,-4.26011442144,-4.15765928033,-4.04461949902,-3.93099963398,-3.81219334777,-3.69276627917,-3.56512445292,-3.4364054392,-3.30452106456,-3.17181967272,-3.03083806829,-2.88938724705,-2.74427742761,-2.59873236822,-2.44743394846,-2.29549494723,-2.14127503545,-1.98658069377,-1.82661005225,-1.66631211896,-1.50402245052,-1.34142576504,-1.17600598011,-1.0102127319,-0.843395600738,-0.676392567515,-0.507548659224,-0.338593597541,-0.169303911171,3.46955837943e-15
0.4,0.0,0.175468532874,0.350868429373,0.525657600368,0.700214170468,0.872993220753,1.04552464172,1.21660555666,1.38701880286,1.55400164787,1.72056144673,1.88498589309,2.04847170104,2.20667590327,2.36438658989,2.51890440053,2.67225630741,2.81970059106,2.96623808776,3.10897236411,3.25008197048,3.38353942315,3.51612925611,3.64416263933,3.77045996886,3.88855968004,4.00541511822,4.1170644614,4.22661865412,4.32663183493,4.42564974276,4.51922731464,4.61078707042,4.69228995567,4.77234319894,4.84635596373,4.91793205735,4.97964954379,5.03981199753,5.09342461174,5.14433100421,5.18248401867,5.2182829444,5.24671829673,5.27222942966,5.2890942696,5.30338001279,5.31035562473,5.31454799513,5.31030375548,5.30363163608,5.29015187882,5.27390924674,5.24904767595,5.22214195353,5.18832858987,5.15202149321,5.10767708939,5.06145039175,5.00871785653,4.95371613564,4.89078740778,4.82610335057,4.755085945,4.6822236604,4.60196136527,4.52029738413,4.43290558561,4.34371392516,4.2475221104,4.15023808725,4.04765156508,3.94377748433,3.83319157275,3.72174885732,3.60563095266,3.48838588381,3.36529095783,3.24145693108,3.11374824012,2.98519826366,2.85106382465,2.71640919323,2.57855378137,2.439999235,2.29716176834,2.1539322735,2.008054251,1.86167049963,1.71163291098,1.56126758202,1.4092932513,1.2569338143,1.10182272696,0.946534814508,0.790080705361,0.633429613481,0.475388982397,0.317255045417,0.158637021651,-1.62543513634e-15,-0.158611487223,-0.317204275101,-0.475298166762,-0.633288099336,-0.789962175873,-0.946455922068,-1.10171184177,-1.25680203359,-1.40925013706,-1.56131676963,-1.71172399463,-1.86185749683,-2.00814382063,-2.15392591969,-2.29710226152,-2.43986661731,-2.5784953369,-2.7163687937,-2.85095279915,-2.98496041909,-3.11367672178,-3.24149061505,-3.36537122434,-3.48857442662,-3.60576804363,-3.7217791404,-3.83318271572,-3.94357667232,-4.04766174222,-4.15022845913,-4.24764753384,-4.34389741886,-4.43297685376,-4.52024282396,-4.60183426414,-4.68195769672,-4.75489222203,-4.82588452446,-4.89060870132,-4.95363160738,-5.0087081871,-5.0616183537,-5.10764481542,-5.15177407713,-5.18807864659,-5.22185113053,-5.24884565657,-5.27367497688,-5.29002280651,-5.30367053118,-5.31030639557,-5.31461441628,-5.31037631031,-5.30331139973,-5.28894245861,-5.2723698631,-5.24693758313,-5.21837980413,-5.18263811207,-5.14413079387,-5.0933533359,-5.03983564011,-4.97947718772,-4.9175334088,-4.84596543978,-4.77217253357,-4.69199893493,-4.61058770977,-4.51904376166,-4.42541064058,-4.32652531544,-4.22627243901,-4.11689577209,-4.00546849885,-3.88884215114,-3.77109603536,-3.64459105754,-3.51627211094,-3.38350913228,-3.24984104516,-3.1088147732,-2.96619363085,-2.81968342181,-2.67241638253,-2.51894712412,-2.3643140966,-2.2066036248,-2.04840248059,-1.88498697302,-1.7205265925,-1.55389628421,-1.38676291288,-1.21643233839,-1.04549733826,-0.873036828062,-0.700360789085,-0.525745105334,-0.350868429373,-0.17546480185,3.59572195573e-15
0.8,0.0,0.183519611975,0.366851814229,0.549331497541,0.731254485595,0.911167564033,1.09051264517,1.26794906576,1.44426019727,1.61727129201,1.78911541811,1.95797267847,2.1252020575,2.28811043732,2.44937052038,2.60681982734,2.761981873,2.91170392886,3.05943287009,3.2025032621,3.34293951026,3.47726367147,3.6090512221,3.73541567383,3.85868090647,3.97530914092,4.08905982036,4.19700485226,4.30157206994,4.39891573498,4.49307662383,4.58085248996,4.66507361548,4.74194655091,4.81524330622,4.88142080189,4.94417978504,4.99906666148,5.04992898842,5.09228368725,5.13018429241,5.16059198094,5.18725699134,5.20731924208,5.22336406883,5.23257805734,5.23793583942,5.23669439711,5.23172417076,5.22025930494,5.20551740004,5.18429771189,5.15971863123,5.12873920203,5.09473215624,5.05441450876,5.01105684512,4.96159166864,4.90961848802,4.85148185597,4.7909820754,4.7245084453,4.65623719911,4.58190204263,4.50575098447,4.42383658895,4.34049070904,4.25122203959,4.16059155123,4.06467436271,3.96781542352,3.86554035341,3.76237253129,3.65421193323,3.54553394555,3.43172287018,3.31730568912,3.19824404167,3.07889863712,2.95513786124,2.83111594113,2.70282156196,2.57452718279,2.44230028149,2.3100733802,2.17427609393,2.03847880765,1.89955416162,1.76062951559,1.61863722951,1.47664494344,1.33244926385,1.18825358427,1.04172523573,0.895196887188,0.747158676369,0.599120465549,0.449646305773,0.300172145996,0.150086072998,-1.53800711311e-15,-0.150073772861,-0.300147545722,-0.449693079308,-0.599238612894,-0.747255463728,-0.895272314562,-1.04174252189,-1.18821272923,-1.33243003055,-1.47664733187,-1.61863108789,-1.76061484391,-1.89955166885,-2.03848849378,-2.17433973619,-2.31019097859,-2.44237820622,-2.57456543384,-2.70278407745,-2.83100272105,-2.95510715199,-3.07895005928,-3.19826958993,-3.31730568912,-3.43175502918,-3.54559822905,-3.65427284928,-3.76235911856,-3.86560359303,-3.96781542352,-4.06467328201,-4.1605131085,-4.25108652257,-4.34028704427,-4.42377666545,-4.505837976,-4.58212800131,-4.65648455049,-4.72474418604,-4.79107816967,-4.85155663738,-4.90961795394,-4.96162382961,-5.01095893588,-5.05434382697,-5.09481140916,-5.12882199431,-5.15988497731,-5.18445202076,-5.20563333385,-5.22038729285,-5.23174292952,-5.23663957923,-5.23790872797,-5.23265176181,-5.22346446523,-5.20749649387,-5.18740711936,-5.16071960737,-5.13018674627,-5.09225997844,-5.04987901367,-4.99914041988,-4.94398648336,-4.8812220769,-4.81514183646,-4.74182436962,-4.66507940396,-4.5808428647,-4.49285966024,-4.39878575672,-4.30157695241,-4.19710464942,-4.08920789067,-3.97546818149,-3.85868078393,-3.7353961052,-3.60905408418,-3.4773376381,-3.34304762944,-3.20264435761,-3.05943333473,-2.91175150689,-2.76195220903,-2.60683088758,-2.44942331706,-2.28818446283,-2.12527082799,-1.95802002643,-1.78912146274,-1.61725416784,-1.4442904907,-1.26796985226,-1.09049528365,-0.911151288155,-0.731199170752,-0.549298563673,-0.366846951173,-0.183517550676,3.76216656103e-15
1.2000000000000002,0.0,0.191371591897,0.382400842201,0.572234649786,0.761362148,0.948173072615,1.13402644406,1.31754291303,1.49954157589,1.67787200965,1.85448959438,2.02783385315,2.1989120674,2.36517490702,2.52912310163,2.68874545052,2.84552030543,2.99677192032,3.14487465381,3.28787653269,3.42749664875,3.56091846606,3.69078818356,3.81500666738,3.93533872868,4.04886934143,4.1585547153,4.26235291083,4.36177344226,4.45409749568,4.54226253725,4.62408353502,4.70125882465,4.77138892928,4.83663701708,4.89461959718,4.94722810899,4.99225741656,5.03227317886,5.06587604664,5.09460435336,5.11666563089,5.1343413679,5.14595479662,5.15290677782,5.15410427029,5.15085073565,5.1418396966,5.12832490632,5.10935497663,5.08659710165,5.05801396767,5.02602737829,4.98862580345,4.94794026299,4.90159700657,4.85239004922,4.79785550252,4.74102608585,4.67820804165,4.61370285558,4.54378248208,4.47256602569,4.39521349932,4.31716804292,4.23336808455,4.14956812617,3.96894077249,3.77786506859,3.57553183265,3.36391093454,3.14235310784,2.91304719691,2.67527629771,2.43089634269,2.17949746672,1.92239048631,1.65957332246,1.39196610901,1.1200172626,0.844035517673,0.564957916596,0.283125825725,-1.4506275912e-15,-0.283119428544,-0.564984476245,-0.844063838323,-1.12004664876,-1.3919885435,-1.65960304903,-1.92244349459,-2.17957971805,-2.43096864708,-2.67527457932,-2.91298491043,-3.14221661848,-3.36369853003,-3.57545604141,-3.77798834222,-3.96913558203,-4.14963955912,-4.23344182187,-4.31724408461,-4.39529123304,-4.47264545133,-4.54376799646,-4.61369792355,-4.67817640829,-4.7408572678,-4.79768432894,-4.85219646502,-4.90142041936,-4.94794192594,-4.98853380582,-5.02609841685,-5.05820654002,-5.08661990939,-5.10934463686,-5.12827262488,-5.1417428846,-5.15085022062,-5.154122451,-5.1529440228,-5.14592444605,-5.13424320597,-5.11679855365,-5.09454051639,-5.06574476584,-5.03238049604,-4.9924326157,-4.94741908492,-4.89479403909,-4.83669334851,-4.77157686282,-4.70155262184,-4.62432461292,-4.5423545263,-4.45415932056,-4.36186650985,-4.26241438864,-4.15864432803,-4.0489315568,-3.9353319553,-3.81497507225,-3.69082893831,-3.56094041075,-3.42749614991,-3.28787358858,-3.14480657884,-2.99667282601,-2.8455823594,-2.68880630786,-2.52912306214,-2.36517406977,-2.19891060786,-2.02784464344,-1.85452897289,-1.67789287503,-1.49950849931,-1.31750626087,-1.13403906025,-0.948207413467,-0.761371082893,-0.572239524105,-0.382401108801,-0.191371742703,3.92646040234e-15
1.6,0.0,0.199051439201,0.397625888419,0.594662304823,0.790830834289,0.984088840509,1.1760617477,1.36525524563,1.55267843408,1.73580513254,1.91677448977,2.09381385851,2.26828972111,2.43728149039,2.60331790447,2.76451614588,2.92240651519,3.07391411205,3.22182127261,3.36417020039,3.50265480444,3.63408056882,3.76145422215,3.88275982795,3.99954234485,4.10903476447,4.21398427334,4.31252498868,4.40620644847,4.49246153114,4.57386997722,4.64848000762,4.71761277051,4.77888942973,4.83407358153,4.88235175865,4.92528961723,4.96147958738,4.99239935682,5.01713473818,5.03690685225,5.0504576685,5.05927802854,5.06244828516,5.06048629163,5.05336735492,5.04161320703,5.02444231587,5.00298500853,4.97668821948,4.94681137926,4.91152147456,4.8724635246,4.82861693817,4.78251067346,4.73048084637,4.67620209305,4.61629454146,4.55638698987,4.42216476235,4.27615168548,4.11733212958,3.94873550989,3.76874346973,3.58051605213,3.38249815318,3.17741514931,2.96391126438,2.74454165742,2.51799616914,2.28624184491,2.04837895729,1.80604295792,1.55864844072,1.30728657084,1.05188742703,0.792814795631,0.530751137687,0.266054614485,-1.36316816706e-15,-0.266022207652,-0.53072173935,-0.792814515738,-1.05190805737,-1.30731481003,-1.55870792353,-1.80609409377,-2.04840491021,-2.28625757247,-2.51804257844,-2.74469806935,-2.96398673066,-3.17742500948,-3.38244156772,-3.58048745222,-3.76874223055,-3.9487004532,-4.11722576228,-4.27597803706,-4.42189824648,-4.55632732395,-4.6162637231,-4.67620012225,-4.73048144729,-4.78251381501,-4.82861847535,-4.87246335005,-4.91170871055,-4.9469429854,-4.97690271311,-5.0030226539,-5.02452796803,-5.04165628544,-5.05329726344,-5.06057908788,-5.0625614587,-5.05932530479,-5.05048277197,-5.03690971396,-5.01718706329,-4.99240394689,-4.96140428136,-4.92534924982,-4.88243189998,-4.83404981879,-4.77880244856,-4.7175865923,-4.64844251172,-4.57387867183,-4.49243341678,-4.40611877895,-4.31237401845,-4.2137981374,-4.10890922733,-3.99942710831,-3.88264364622,-3.7614017659,-3.63403742448,-3.50254236253,-3.3641239271,-3.22184260557,-3.07395574938,-2.92237609054,-2.76445757476,-2.60327578812,-2.43722424744,-2.2682881789,-2.09383003718,-1.91676337131,-1.73579274028,-1.55271418439,-1.36527665893,-1.17606168353,-0.984074604879,-0.790830388235,-0.594678181188,-0.39763089506,-0.199056977649,4.08817883214e-15
2.0,0.0,0.206558751707,0.412502460846,0.616479113454,0.819415842295,1.01877610152,1.21661814841,1.41107201744,1.60348097354,1.79074517352,1.97557204902,2.1558040497,2.33311998486,2.50397713493,2.6715857692,2.83368662239,2.99214925797,3.14324902479,3.29026167738,3.43115728451,3.56771036625,3.69630155618,3.82027168331,3.93764971842,4.05015144163,4.15461621159,4.25409540521,4.34659206041,4.43370371064,4.51263586529,4.58578590988,4.65126023218,4.71047450685,4.7619266574,4.80798030556,4.84728600089,4.88119512956,4.90857995881,4.93050546045,4.94633460945,4.95678255535,4.96154451785,4.96149974147,4.95608460691,4.94565972472,4.93045825771,4.91071003175,4.88593164942,4.8564711569,4.82291597805,4.78605953876,4.74411630649,4.69921599985,4.64892374872,4.59863149759,4.48323853389,4.35628962205,4.21646623723,4.06721572233,3.90672739149,3.7387021937,3.5607844646,3.37681915489,3.18453894828,2.98727873971,2.78269581567,2.57399578207,2.35908007491,2.14054795025,1.91664870683,1.68938612955,1.45768770655,1.22262538326,0.983839771682,0.741610593481,0.496557003977,0.248948167626,-1.27566656889e-15,-0.248932869383,-0.496534460204,-0.741592977539,-0.983868718589,-1.2227035679,-1.45775537277,-1.68941808197,-1.91667719615,-2.1406003507,-2.35915110857,-2.57405635891,-2.78278418853,-2.98730877171,-3.18453177519,-3.37676455457,-3.56071806799,-3.73858107305,-3.90674614794,-4.06722181614,-4.2164693576,-4.35627779701,-4.48315943119,-4.59858587159,-4.64893756883,-4.69928926606,-4.74433749059,-4.78631036001,-4.82319514768,-4.85656753974,-4.88580907022,-4.91063765669,-4.93031594346,-4.94557019997,-4.95601922212,-4.96146031822,-4.96147995424,-4.95670786065,-4.94620536305,-4.93035181939,-4.90840189698,-4.8813486982,-4.84747555295,-4.80815079099,-4.76221195244,-4.71078720032,-4.6514063747,-4.58582647989,-4.51263510993,-4.43370721485,-4.34654829133,-4.25401195376,-4.15455848349,-4.05011695264,-3.93759194805,-3.82023430847,-3.69626471582,-3.56763797165,-3.43111915857,-3.29028357605,-3.14325711617,-2.99211365179,-2.83363774687,-2.67157419411,-2.50400744556,-2.33312311134,-2.1557989907,-1.97557748718,-1.7907386083,-1.60347566098,-1.41105331022,-1.21662047778,-1.01878516801,-0.819415097446,-0.61647152321,-0.412510029572,-0.206567130314,4.24677209487e-15
2.4000000000000004,0.0,0.213876745054,0.426950176931,0.637588829291,0.846987597437,1.05206169882,1.25540493524,1.45473012803,1.65176105831,1.84267463679,2.03085926193,2.2137157467,2.39332665886,2.56549342541,2.73401237316,2.89622295293,3.05440983241,3.20427489564,3.34975286392,3.48821915232,3.62192212006,3.74679532544,3.86674987345,3.97943698241,4.08676651877,4.18515356724,4.27798112531,4.36319121798,4.44215433243,4.51161658215,4.57475373491,4.63088623574,4.68134268534,4.72374027076,4.76058652085,4.79073072068,4.81530426231,4.8334237479,4.84601147358,4.85293013594,4.85441951225,4.85062330086,4.8415006556,4.82745762671,4.80806781921,4.78491904366,4.75741471546,4.72519304652,4.68841981748,4.64775556,4.60557100392,4.55645738223,4.50734376053,4.39720322214,4.27393763287,4.14127155677,3.99734670438,3.84656888598,3.68584475307,3.51970873506,3.34538451753,3.16697478264,2.98151743628,2.79286648155,2.59814844236,2.40077019295,2.19838277915,1.99363392982,1.78427369015,1.57239052923,1.35655792272,1.13785166792,0.91569942947,0.690355574753,0.462340519211,0.231780429627,-1.18797423437e-15,-0.231798376094,-0.462347878989,-0.690345458913,-0.915716821191,-1.13788778653,-1.35657876759,-1.57239316088,-1.78427051758,-1.99355840647,-2.19829346425,-2.4006884452,-2.59807190424,-2.79281412381,-2.98147431398,-3.16697371301,-3.34543125104,-3.51976188922,-3.68584366409,-3.84653030196,-3.99755179749,-4.14146425757,-4.27406613876,-4.3972967854,-4.5074080638,-4.55646046735,-4.6055128709,-4.64768850404,-4.68834384186,-4.72511344742,-4.75733148473,-4.78483252819,-4.80797802958,-4.82729555207,-4.84141945764,-4.8504953616,-4.85433868687,-4.85287243903,-4.84608130195,-4.83337178911,-4.81520007779,-4.79062670149,-4.76038796593,-4.72363987498,-4.68129556054,-4.63095184807,-4.57489130861,-4.5115738591,-4.44202484938,-4.36288753527,-4.2776869502,-4.18486766975,-4.08652501774,-3.97918305354,-3.86655322456,-3.74664329611,-3.62178047731,-3.48805983752,-3.34963464132,-3.20417086189,-3.05435218972,-2.89619787498,-2.73399219976,-2.56549393317,-2.39334170721,-2.21372341494,-2.03085417463,-1.8426768661,-1.65172995885,-1.45469635282,-1.25536471814,-1.05205716187,-0.846978785669,-0.637582634992,-0.426950983846,-0.213878105657,4.40206189063e-15
2.8000000000000003,0.0,0.220922342462,0.440860982714,0.65789050263,0.873462287537,1.08386868976,1.29224581103,1.49599788266,1.69714126915,1.89118306709,2.08213833363,2.2670251388,2.44826104953,2.62100860944,2.78975845402,2.95133868479,3.1084282433,3.25622144717,3.39918620679,3.53439740864,3.66449691143,3.78484160009,3.89979823193,4.00658108377,4.10758685194,4.19851821067,4.28299049619,4.3587632936,4.42810782721,4.48833546852,4.54264527371,4.58952403102,4.63034684472,4.66333998255,4.69059641649,4.7112997206,4.72630417892,4.73511570169,4.73827336371,4.73576179738,4.72798416724,4.71553631985,4.69783484825,4.67528999096,4.64739821866,4.61671856875,4.58185698386,4.54270997431,4.49971335997,4.40498913326,4.29644035224,4.17817975432,4.04830046384,3.9113898573,3.76474488191,3.61338747676,3.45400474634,3.29174821143,3.12255806932,2.95143121081,2.77416497792,2.59558076159,2.4118777099,2.22700491044,2.03771365222,1.84708407916,1.65242429999,1.45597610619,1.25596381962,1.05350836202,0.847933238248,0.639317077512,0.428248870845,0.21467514021,-1.10052356155e-15,-0.214695664155,-0.428256083592,-0.639311611157,-0.847948085722,-1.05354443364,-1.25599373221,-1.4560031192,-1.65239125261,-1.84701328514,-2.03756014042,-2.22681246451,-2.41170835754,-2.59537910882,-2.77395690422,-2.95118277902,-3.12247093012,-3.29180692206,-3.4541873855,-3.61369410489,-3.76502271208,-3.91162621274,-4.04848099032,-4.17836500766,-4.29657782579,-4.40512973381,-4.49980334528,-4.54284145495,-4.5820109974,-4.61689535701,-4.64750347239,-4.67536375404,-4.69799352239,-4.7156856302,-4.72811411242,-4.73582819566,-4.73833436879,-4.73521406475,-4.72644836266,-4.71133594353,-4.69061638042,-4.66337399845,-4.63033071298,-4.58935453569,-4.54249412313,-4.48819829031,-4.42797124613,-4.35865333993,-4.28294850774,-4.19851449787,-4.10754449779,-4.00658453862,-3.89980989087,-3.78484749616,-3.66452958623,-3.53440720568,-3.39914373709,-3.25620041336,-3.10839760503,-2.9512752729,-2.78967923664,-2.6209820326,-2.44825831689,-2.26704224805,-2.08214549654,-1.89119862822,-1.69713333855,-1.49601441404,-1.29227778767,-1.08389319533,-0.873472695149,-0.657889877215,-0.440864809209,-0.220925687708,4.55255318476e-15
3.2,0.0,0.227805442948,0.45440497403,0.677449025567,0.898768034969,1.11412720103,1.32714870526,1.5348189706,1.73947160173,1.93601945811,2.12907085578,2.31527792789,2.4974236933,2.67002985122,2.8381972133,2.99837622102,3.15360860039,3.29847432615,3.43811326474,3.56918268775,3.69456029411,3.80922608596,3.91791894203,4.01748241432,4.11009728336,4.19171904047,4.26669874025,4.33330375045,4.39361256796,4.44459464781,4.48951619684,4.52677475221,4.55779620929,4.58102233275,4.59826767123,4.60920881808,4.61436578289,4.6134656247,4.60687757312,4.59499176561,4.57782360627,4.55658957426,4.53024797552,4.49969656488,4.46356464292,4.42539437127,4.38388970814,4.33661698557,4.28934426301,4.18400828464,4.06621846862,3.94154093869,3.80705122956,3.66803708597,3.52097466722,3.37136675528,3.21508119484,3.0577821838,2.89481127216,2.73170964873,2.56383179944,2.39610097481,2.22403691032,2.0521018892,1.87619447275,1.70006420434,1.52031079449,1.33948220194,1.15538898788,0.969207093727,0.780174804719,0.588275922249,0.394157973479,0.197554374846,-1.01307206692e-15,-0.197553861401,-0.39414235523,-0.58826252098,-0.780194415167,-0.969270045729,-1.15543857884,-1.33953594017,-1.5203546205,-1.70003620661,-1.87616236338,-2.05205364886,-2.22398826956,-2.39604720528,-2.56372277724,-2.73169091589,-2.89480379769,-3.05776474058,-3.21512208892,-3.37153787113,-3.52119175573,-3.66825688292,-3.80707294221,-3.94146957262,-4.06615142112,-4.18388256704,-4.28919985476,-4.33646130501,-4.38372275526,-4.42527472177,-4.46345719797,-4.49967879337,-4.53032146384,-4.55665928024,-4.57782936625,-4.59505983432,-4.60693765031,-4.61355406957,-4.61436330142,-4.60914005767,-4.59822187354,-4.58097993887,-4.55778306146,-4.52675135598,-4.48948811169,-4.44473709406,-4.39365149069,-4.33338764483,-4.26677527103,-4.19174097956,-4.11009462285,-4.01740756613,-3.91784401258,-3.80916397974,-3.69457572844,-3.56921253746,-3.43814086084,-3.29843982871,-3.15357576225,-2.99834538227,-2.83814161366,-2.67001290044,-2.49739713387,-2.31526320764,-2.12905077183,-1.93599920486,-1.73945429702,-1.53478352985,-1.32712065747,-1.11412700633,-0.898776602152,-0.677453896257,-0.454409515369,-0.227804851459,4.69903592192e-15
3.6,0.0,0.234389606814,0.467288588517,0.696015518169,0.922702830835,1.14259599333,1.35979724564,1.57073571781,1.77831075196,1.9768694664,2.17157151443,2.3583988221,2.54066490734,2.71234610097,2.87901054549,3.03701190891,3.18950161663,3.33054452531,3.46578015022,3.5915720289,3.71100203986,3.81852695484,3.91900326094,4.00941302615,4.09277482053,4.16528805351,4.23119039539,4.2882424713,4.33876104576,4.37973659821,4.41445120833,4.44148053263,4.46216127759,4.47527113024,4.48225780409,4.48309140546,4.47802881515,4.46732292926,4.45085332561,4.42943381717,4.40274506551,4.37282559506,4.33787044811,4.2996457808,4.25573561343,4.16285321504,4.05692028042,3.9429442317,3.81845554944,3.68914923172,3.55165425116,3.41202844609,3.26578049131,3.11934103583,2.96763197403,2.81690302242,2.66152537285,2.50778931843,2.34989097179,2.19385845673,2.03405674284,1.87558333084,1.71364807417,1.55236455037,1.38775208705,1.2226282973,1.054501285,0.884641424415,0.712224235193,0.53705554985,0.35993735347,0.180379914249,-9.25442553034e-16,-0.180378424013,-0.359914554007,-0.537034017153,-0.712237870012,-0.884679889346,-1.05454199112,-1.22264112977,-1.38776216605,-1.55229294957,-1.71356121788,-1.87545891662,-2.03387250868,-2.19368029398,-2.34981007662,-2.50769512541,-2.66141605296,-2.81678988956,-2.96752398634,-3.11937950883,-3.26578468641,-3.4119972877,-3.55159987525,-3.68907152492,-3.81836923728,-3.94292272201,-4.05693022115,-4.16289994002,-4.25572705242,-4.29955817746,-4.3378112723,-4.37284468643,-4.40275280606,-4.42944506991,-4.45078150315,-4.46728647168,-4.4779972197,-4.48306280211,-4.48229310801,-4.47528121443,-4.46215106442,-4.44163452047,-4.41463406045,-4.37982616375,-4.33876025935,-4.28837233862,-4.23132386252,-4.16535569712,-4.09276847403,-4.00938744017,-3.91899484601,-3.81852560142,-3.71100578425,-3.59159032418,-3.46582813868,-3.33056781864,-3.18954491807,-3.03706185678,-2.87906731894,-2.71235313775,-2.54069094812,-2.35842707164,-2.17161803556,-1.97694050011,-1.77836372335,-1.57076614956,-1.35980967917,-1.14258486842,-0.922711977735,-0.696009618266,-0.467283698514,-0.23438715061,4.84059940208e-15
4.0,0.0,0.240682794111,0.47958190862,0.713653424886,0.945328451249,1.16923030415,1.39001918485,1.6037833464,1.81366637726,2.01348508277,2.20890291818,2.39558594646,2.57720932085,2.74725428797,2.91179078079,3.06643265623,3.21505245819,3.35115372093,3.48077217819,3.59981189573,3.71134083375,3.80996292429,3.90129430432,3.98253152998,4.05656135298,4.11949236725,4.17543319957,4.22214762807,4.26187876444,4.29225264172,4.31602833878,4.33208450012,4.34146882261,4.34381917309,4.34003810522,4.33038094915,4.31468794959,4.29408007282,4.26752123422,4.23675777407,4.20078628039,4.1626631453,4.11947554815,4.07423202502,4.02397173791,3.91949160619,3.80357763094,3.68210570404,3.55183483547,3.41947839913,3.28059642208,3.14209501506,2.99845971065,2.85700223076,2.71126657387,2.5685911973,2.42214832408,2.27898766194,2.13236315419,1.98883991388,1.84198973891,1.69756664684,1.54988188103,1.40360499261,1.25439900349,1.10504187569,0.95312448791,0.799686088494,0.643999765146,0.485714270515,0.325684548473,0.163129993785,-8.37919570275e-16,-0.163129992666,-0.325685246425,-0.485731266284,-0.644065883907,-0.79972063158,-0.953142050646,-1.10504720475,-1.25433653379,-1.40353955959,-1.54977874728,-1.69746744523,-1.84188101348,-1.98880863241,-2.13234010203,-2.27890547074,-2.42205046102,-2.56847335984,-2.7111190352,-2.8568119379,-2.99832965437,-3.14189937453,-3.28054544197,-3.41958580075,-3.55190627314,-3.68218284479,-3.80357091917,-3.91951660114,-4.02403618782,-4.07437670608,-4.11961962583,-4.16277381535,-4.20085461015,-4.23683493496,-4.26764762197,-4.29415193412,-4.31472945725,-4.33044258705,-4.34010869791,-4.34390414158,-4.34150376605,-4.33210533551,-4.31607519216,-4.29232316093,-4.26188347571,-4.22213267956,-4.17535681452,-4.11944401563,-4.05655519283,-3.98248410542,-3.90128099248,-3.80994096156,-3.71132580012,-3.59980877417,-3.4807807735,-3.3512319261,-3.21509372672,-3.06651493231,-2.91181708938,-2.74730907652,-2.57727955103,-2.39564053525,-2.20894429332,-2.01352233263,-1.81368189945,-1.60380619124,-1.39003038806,-1.16922815708,-0.945317439419,-0.713645360915,-0.479571513963,-0.24067355292,4.97666974417e-15
4.4,0.0,0.246650597045,0.491142985951,0.730143587544,0.966305161939,1.19373238223,1.41759393895,1.63357481937,1.8451713335,2.04559435668,2.2410223398,2.42678896467,2.60690766104,2.77421842315,2.93543104029,3.08583490246,3.22926201056,3.35901562721,3.48110633969,3.59148212579,3.69394890971,3.78341651591,3.86535191277,3.93685570562,4.0006588373,4.05295774284,4.09774940377,4.1332827336,4.16144849657,4.18047744663,4.19264328783,4.19720967887,4.19471285771,4.18583833601,4.17076873284,4.1503534214,4.12374420759,4.09351450545,4.05714809477,4.01681176553,3.97144981422,3.92625899273,3.87563563298,3.76758835007,3.65243207061,3.5276280606,3.40055473057,3.26656486475,3.13335583111,2.99520993114,2.85995646409,2.72090631328,2.58591055468,2.44765643604,2.31425082166,2.17802469654,2.04647350777,1.91141336334,1.78065281282,1.64672404279,1.51688129465,1.38437716074,1.12002717255,0.851013362208,0.575265025297,0.29134986376,-7.5027556961e-16,-0.291384377249,-0.575279737724,-0.850989592898,-1.12000530348,-1.38437453002,-1.5168972412,-1.64670013953,-1.78062103967,-1.91144552462,-2.04643980461,-2.17795720167,-2.31427609511,-2.44759757079,-2.58583223441,-2.72083025598,-2.85995113015,-2.99525641616,-3.1333519394,-3.26650599376,-3.40034185136,-3.5274552769,-3.65224157401,-3.76748576298,-3.87558203116,-3.92623013373,-3.97139708607,-4.01673790282,-4.05716967986,-4.09353766754,-4.12376959539,-4.15037405281,-4.17076613621,-4.18578236687,-4.19467970072,-4.19713913267,-4.19256063339,-4.18049071436,-4.16134933179,-4.13330076224,-4.09780594434,-4.05298164023,-4.00070287739,-3.93699215217,-3.8655136355,-3.78349069356,-3.69402046618,-3.59148423804,-3.48110385175,-3.35899985146,-3.22923250069,-3.08583235626,-2.93543106757,-2.77421040902,-2.60688426137,-2.42677428389,-2.24099315348,-2.0455485777,-1.84517032392,-1.63356691449,-1.41758849835,-1.19373404297,-0.966305687394,-0.730151271083,-0.491148098816,-0.246656638605,5.10631075799e-15
4.800000000000001,0.0,0.25225790974,0.50195010348,0.745397076149,0.985560780537,1.21589840386,1.4421825081,1.65969133108,1.87225042807,2.07240705769,2.2670233,2.45101574948,2.62859426836,2.7922098147,2.94881515715,3.09340691078,3.22987450404,3.35145103318,3.46487714091,3.5661770269,3.65915916395,3.7386517766,3.81015158364,3.87063619312,3.92283844744,3.96360037434,3.99648528808,4.02002815744,4.03583832629,4.04293117222,4.04255443232,4.03472281245,4.01955768495,3.99909527178,3.97247616332,3.94138491241,3.90393605806,3.86402004663,3.81781367864,3.76848585841,3.71327409385,3.60409088196,3.48395823461,3.36009868072,3.22889579293,3.09821889862,2.96315862624,2.83138846922,2.69640495236,2.56641618625,2.4337673326,2.30703825019,2.17781085175,2.05524389907,1.92955823113,1.691309756,1.45651008686,1.22306893923,0.988652468443,0.75102852798,0.507744013518,0.257242855775,-6.62416066483e-16,-0.257271132794,-0.507818920232,-0.751082287387,-0.988681974542,-1.2229132132,-1.45634757321,-1.69118469332,-1.92956649878,-2.05519703692,-2.17774224034,-2.30693444548,-2.43364093608,-2.56637274569,-2.69631227916,-2.83133683949,-2.96307795229,-3.09806457562,-3.22870225679,-3.35992334408,-3.48374746547,-3.60382498244,-3.71304168257,-3.76827975682,-3.81763370613,-3.86378631588,-3.90374441783,-3.94108431735,-3.97225837785,-3.99892849321,-4.01945710726,-4.03454432704,-4.04239438201,-4.04276739825,-4.03575911429,-4.01999251331,-3.9964909498,-3.96362191084,-3.92295604006,-3.87075099874,-3.81028181729,-3.73879929266,-3.65921657491,-3.56614816762,-3.46488513278,-3.35148288204,-3.22989238796,-3.09339615829,-2.94883575656,-2.79221453333,-2.62861864419,-2.4509954447,-2.26705916803,-2.07246239037,-1.87230321163,-1.65972208,-1.44220981118,-1.21589867823,-0.985551488834,-0.745396919184,-0.501949898643,-0.252255305845,5.22918805598e-15
5.2,0.0,0.257561610591,0.512136871919,0.759473219736,1.00301698871,1.23574308318,1.46383859925,1.68221049533,1.89496295343,2.0941265728,2.28697515298,2.46813538856,2.64202495429,2.80053001267,2.9508897759,3.08793645778,3.21614458522,3.328810526,3.43277465394,3.52404867768,3.60634019488,3.67468504525,3.7343368523,3.78260578035,3.82196197383,3.84986630552,3.86945649635,3.87976560173,3.88186347065,3.8758298164,3.86208326116,3.84147655896,3.81345140869,3.78135262937,3.74287620534,3.70064452466,3.65245957519,3.60379393365,3.54953551696,3.49360320307,3.43199744966,3.31364873127,3.18826140171,3.06361910662,2.93546154388,2.81150603951,2.6855666191,2.56553325509,2.44443796721,2.33095812591,2.21597789942,2.10843460411,1.99804562652,1.79019272087,1.58606129899,1.3824106971,1.17655002707,0.963510288953,0.736251352498,0.497381292398,0.250667232195,-6.43251023151e-16,-0.250667232195,-0.497381292398,-0.736251352498,-0.963510288953,-1.17655002707,-1.382339145,-1.58577894049,-1.7897821429,-1.99750024627,-2.10770326571,-2.21529724857,-2.33008494133,-2.44355727594,-2.5646193806,-2.68487686608,-2.81099186979,-2.93505332975,-3.06341557795,-3.1880757545,-3.31346657158,-3.4319660715,-3.49363187673,-3.54953113656,-3.60371643111,-3.65243701829,-3.70067779907,-3.74289314144,-3.78140712604,-3.81353951954,-3.84155154892,-3.86211611073,-3.87587839159,-3.88186469282,-3.87975093712,-3.86948465623,-3.84997720787,-3.8220732234,-3.78272685512,-3.73452981494,-3.67482023028,-3.60640203679,-3.52406158177,-3.43276223318,-3.32877954865,-3.2160581457,-3.08790082421,-2.95088851417,-2.80053960546,-2.64200221059,-2.4681320867,-2.28694987101,-2.09410881955,-1.89496536828,-1.68218943963,-1.46383584135,-1.23574110742,-1.00302007429,-0.759467909707,-0.512136029109,-0.257564755095,5.34474815062e-15
5.6000000000000005,0.0,0.262385827834,0.521265249248,0.772033219032,1.01843699976,1.25299807238,1.48228396646,1.7005463827,1.91244475856,2.10958288919,2.29953985231,2.47653687027,2.64509466781,2.79677676362,2.93936477806,3.06792411154,3.18696367103,3.28982244796,3.38318336323,3.46314173471,3.53332973862,3.58922164359,3.63560696292,3.67016233348,3.69516622786,3.70893739299,3.71410198823,3.71039622405,3.69829064037,3.67923651425,3.65238954447,3.619763103,3.58011650364,3.53853669204,3.49157274038,3.44285925279,3.38864309765,3.33563801344,3.27780923683,3.16382609375,3.04989071967,2.9330196491,2.82046549114,2.70796343818,2.6018301729,2.49513410392,2.39497293837,2.29350928483,2.19820037152,2.10057367087,1.91647832351,1.73519825135,1.55404234253,1.36996755055,1.17557409258,0.963510288953,0.736251352498,0.497381292398,0.250667232195,-6.43251023151e-16,-0.250667232195,-0.497381292398,-0.736251352498,-0.963510288953,-1.17557409258,-1.36996755055,-1.55404253659,-1.73514940064,-1.91643957548,-2.10055640775,-2.19821736897,-2.29350577919,-2.3951469685,-2.4954814473,-2.60210992602,-2.70822877214,-2.82100383734,-2.93337894443,-3.04996337499,-3.16373643482,-3.27765606916,-3.33553890825,-3.38863911607,-3.44279967445,-3.49157173575,-3.53853618682,-3.58025088632,-3.61996370217,-3.65254969422,-3.6793808632,-3.6984195305,-3.71051608168,-3.71417238398,-3.70901993258,-3.69519996542,-3.67020891395,-3.63563002865,-3.58926820647,-3.53338401922,-3.46321103205,-3.38325268248,-3.28986612395,-3.18699106314,-3.06796977934,-2.93942829328,-2.79685920137,-2.64520263932,-2.47663640263,-2.29963010237,-2.10963644647,-1.9124947902,-1.70056706874,-1.48229741477,-1.25301046262,-1.01844601336,-0.772037515745,-0.521263710247,-0.262383904967,5.45255455113e-15
6.0,0.0,0.266789424188,0.529489177456,0.783158739416,1.03179637061,1.2673932272,1.49693990089,1.71432704872,1.92447617527,2.11861272486,2.30438809758,2.47542539507,2.63688118906,2.78056200049,2.91440802168,3.03339681984,3.14192918619,3.23350084209,3.31458574759,3.38158700657,3.4379580085,3.47986185902,3.5115053172,3.53149803842,3.54157414484,3.54152382162,3.532729195,3.51620132562,3.49194750086,3.46289691991,3.42712873467,3.38763146066,3.34236739868,3.29709646414,3.24732154937,3.19752305511,3.14398589778,3.04364648229,2.94051957251,2.84121249316,2.74161962637,2.6470458677,2.5518190052,2.46197021261,2.37092040699,2.28525056019,2.19756743943,2.03253132456,1.87017807394,1.70769848504,1.54268679061,1.36909839051,1.17557409258,0.963510288953,0.736251352498,0.497381292398,0.250667232195,-6.43251023151e-16,-0.250667232195,-0.497381292398,-0.736251352498,-0.963510288953,-1.17557409258,-1.36909839051,-1.54268679061,-1.70769848504,-1.87018529531,-2.03285368825,-2.19784437636,-2.28571942238,-2.37150588447,-2.46252489446,-2.55241599254,-2.64756399393,-2.74229357869,-2.84192681908,-2.94117460798,-3.04429854385,-3.14453759618,-3.1979782252,-3.24771598281,-3.29738129931,-3.34257511205,-3.38774108933,-3.42716825641,-3.46287919494,-3.49195662747,-3.51621751948,-3.53275381862,-3.54159026767,-3.54165311441,-3.5315549023,-3.51159427413,-3.47997979966,-3.43806526512,-3.38167290468,-3.31459431485,-3.2334729458,-3.14187601824,-3.03336654264,-2.91437741691,-2.78052288277,-2.63683987838,-2.47540432625,-2.30437244196,-2.1185992515,-1.92447657819,-1.71432521229,-1.49692225033,-1.26739313756,-1.03180511565,-0.783159443127,-0.529483548849,-0.266785345873,5.55185188132e-15
6.4,0.0,0.270691224953,0.536643708574,0.79259199506,1.04273668445,1.27856654436,1.50748001831,1.72299793959,1.93012471861,2.11952695478,2.29932039066,2.4631999772,2.61649305865,2.75123163111,2.87508071795,2.98284083257,3.07901296676,3.15772165927,3.22502135485,3.27785769841,3.31933932406,3.3467157644,3.36366053699,3.36960745102,3.36620513106,3.35482956071,3.33588243843,3.31123380008,3.28029013867,3.24688988898,3.20869315666,3.16906680366,3.12554207256,3.08376142804,3.03866821213,2.95088598579,2.86468267394,2.7769613399,2.69272022579,2.60743706817,2.52644529594,2.44437607372,2.36666422431,2.28731319376,2.21259024548,2.13511662974,1.98836096724,1.84206517455,1.69378471271,1.54103118897,1.36909839051,1.17557409258,0.963510288953,0.736251352498,0.497381292398,0.250667232195,-6.43251023151e-16,-0.250667232195,-0.497381292398,-0.736251352498,-0.963510288953,-1.17557409258,-1.36909839051,-1.54103118897,-1.69378471271,-1.84189899951,-1.98829062138,-2.13507916132,-2.2124326016,-2.28704136586,-2.36642292001,-2.44413550818,-2.52622970918,-2.60723484014,-2.69265817615,-2.77691131429,-2.86462215148,-2.95094880437,-3.03871666633,-3.08379965636,-3.12556116717,-3.16911521589,-3.20870738811,-3.24693999705,-3.28030202715,-3.31123271851,-3.33583661684,-3.35479429975,-3.36619485917,-3.36957936849,-3.36355277741,-3.34664772516,-3.31926454432,-3.27777691671,-3.22499921398,-3.1576968286,-3.07893953443,-2.98274569954,-2.87501860797,-2.75119017244,-2.61648684173,-2.46316198544,-2.29930101446,-2.11951090715,-1.93010748958,-1.72299741239,-1.50748962354,-1.27858381574,-1.04274488046,-0.792603053817,-0.536649861264,-0.270695779954,5.64156889602e-15
6.800000000000001,0.0,0.274084437855,0.408381124121,0.542677810386,0.671441846748,0.800205883109,0.925623520193,1.05104115728,1.28618337117,1.39975910345,1.51333483572,1.72561250668,1.82683817347,1.92806384026,2.11134595216,2.2839005132,2.43944877435,2.58324585247,2.70738947735,2.81942155016,2.91448111791,2.99694589158,3.06176367021,3.11479048958,3.15370032413,3.1813245242,3.1963082753,3.20171673371,3.1980055533,3.18634996643,3.16900089314,3.14586967322,3.11938429772,3.08833902057,3.05675767015,3.0216358885,2.98636294553,2.94819655336,2.87644569097,2.80150631839,2.72780750052,2.652365528,2.5798428949,2.50611594233,2.43575568054,2.36378725589,2.29574468559,2.22549306024,2.09267164087,1.96044645584,1.82704669155,1.68998042845,1.54103118897,1.36909839051,1.17557409258,0.963510288953,0.736251352498,0.497381292398,0.250667232195,-6.43251023151e-16,-0.250667232195,-0.497381292398,-0.736251352498,-0.963510288953,-1.17557409258,-1.36909839051,-1.54103118897,-1.68998042845,-1.82704669155,-1.9607033897,-2.09303098047,-2.22602625552,-2.29637579977,-2.36443970575,-2.43645464309,-2.50678757585,-2.58080750914,-2.6533405364,-2.72855875447,-2.80227178086,-2.87701566718,-2.94881354024,-2.98693468001,-3.02214352374,-3.05716187217,-3.08887249534,-3.11991986857,-3.14638884228,-3.16935957605,-3.18664738216,-3.19823035465,-3.20189334788,-3.19640834419,-3.1813644217,-3.15371417945,-3.11478830762,-3.06176270939,-2.99693913919,-2.91450054531,-2.81943391862,-2.70741061217,-2.58327996999,-2.43947449803,-2.28389538521,-2.11135994803,-1.92807570764,-1.82684812797,-1.72562054831,-1.51331700494,-1.39975334447,-1.28618968401,-1.05104084904,-0.925622505852,-0.80020416266,-0.671438861413,-0.542673560166,-0.408377673483,-0.274081786801,5.7211988566e-15
7.2,0.0,0.138464373693,0.276928747386,0.412407878555,0.547526325269,0.677021623931,0.806053772121,0.93166916822,1.05641121583,1.17367620205,1.29024041789,1.40273743596,1.51406592403,1.61873270221,1.72209076939,1.82093803901,1.91784748327,2.0067419213,2.09439621781,2.17734428779,2.25791641409,2.33198256425,2.40449361413,2.47201049402,2.53659783657,2.64871881129,2.69818408259,2.74764935388,2.82917834196,2.89760368193,2.94903823835,2.98893295079,3.01603974249,3.0332611628,3.04031923399,3.03975064441,3.03236960955,3.01894477819,3.0016929728,2.98007920919,2.95663241475,2.92964359739,2.9027486361,2.87297898875,2.84319308862,2.81060017743,2.74934086102,2.68489211894,2.62149100759,2.55608375967,2.49292726969,2.42814642962,2.36637049928,2.30265339422,2.24219091709,2.17927837469,2.05969682609,1.93920568474,1.81626313391,1.688661005,1.54103118897,1.36909839051,1.17557409258,0.963510288953,0.736251352498,0.497381292398,0.250667232195,-6.43251023151e-16,-0.250667232195,-0.497381292398,-0.736251352498,-0.963510288953,-1.17557409258,-1.36909839051,-1.54103118897,-1.688661005,-1.81626313391,-1.93932201621,-2.05974926176,-2.17949276146,-2.24239341363,-2.30287743681,-2.3665571894,-2.42836284246,-2.49321896506,-2.55627715554,-2.62156768258,-2.68509237214,-2.74947736751,-2.81076760914,-2.8433379344,-2.87314014891,-2.90283990933,-2.92972066961,-2.956611692,-2.98020914913,-3.00179029902,-3.01899378905,-3.0324259683,-3.03978606406,-3.0404186678,-3.0333094233,-3.01602655231,-2.9889345685,-2.94904436417,-2.89760932415,-2.82915674371,-2.74765548946,-2.69816728095,-2.64867907244,-2.53654279545,-2.47196423536,-2.40448822243,-2.33198224923,-2.25792678123,-2.17733178627,-2.0943740794,-2.00669880684,-1.91782258147,-1.82091723694,-1.7220717888,-1.61871928208,-1.51405616996,-1.40271921547,-1.29022965623,-1.17367478174,-1.05641856621,-0.93167470613,-0.806057138412,-0.677023424528,-0.547527101169,-0.412407477137,-0.276924626235,-0.138462313117,5.78980434122e-15
7.6000000000000005,0.0,0.139799784455,0.279206031461,0.415456386207,0.551239962933,0.680757662942,0.809525186357,0.93469254493,1.05900437095,1.17491213975,1.28970576824,1.40038516819,1.50966840054,1.61130616447,1.71127326396,1.80687955261,1.90088762073,1.98568103276,2.06846814212,2.1467765578,2.22316660731,2.29177005497,2.3576660284,2.41833579838,2.47716050859,2.52865021109,2.5774666942,2.62107270186,2.66164992654,2.69607125995,2.73049259335,2.7602109075,2.78670172983,2.82753768213,2.85824461186,2.87809825191,2.88985420364,2.89366868488,2.89149557761,2.88431825052,2.87281796309,2.85861960925,2.84087909131,2.82139757488,2.79879694106,2.77621518124,2.75096190662,2.70015600842,2.64752806152,2.59194988914,2.53674508488,2.47954883219,2.4241390241,2.3668036407,2.31193230644,2.25502436587,2.14656374202,2.03754819799,1.92668595051,1.81239918517,1.688661005,1.54103118897,1.36909839051,1.17557409258,0.963510288953,0.736251352498,0.497381292398,0.250667232195,-6.43251023151e-16,-0.250667232195,-0.497381292398,-0.736251352498,-0.963510288953,-1.17557409258,-1.36909839051,-1.54103118897,-1.688661005,-1.81239918517,-1.92668595051,-2.03754599068,-2.14656730681,-2.25490770205,-2.31185018342,-2.36664013472,-2.42382235833,-2.4790965857,-2.53621103035,-2.59139124352,-2.64691565542,-2.69949611918,-2.75014257486,-2.7753486142,-2.79785125888,-2.82046391944,-2.84005039326,-2.85773110325,-2.87194581842,-2.88357212626,-2.89064060487,-2.8929813938,-2.88934537858,-2.87775651713,-2.85804062511,-2.82739959843,-2.78659918124,-2.76016159641,-2.73045169506,-2.69605457061,-2.66165744615,-2.62107982996,-2.57748102892,-2.52867956662,-2.47718213289,-2.41832108864,-2.35767337572,-2.2917880402,-2.22317109018,-2.14677914059,-2.0684676442,-1.98570400711,-1.90093005641,-1.80691671141,-1.7112824845,-1.61130985968,-1.50967540614,-1.40039206261,-1.28970879586,-1.17491807024,-1.05901999006,-0.934714589216,-0.809538413348,-0.680770511248,-0.551241944269,-0.415454860302,-0.279203977819,-0.139799934281,5.85030445359e-15
8.0,0.0,0.140717759677,0.28082549523,0.417421451832,0.553308062356,0.682495320045,0.810812613419,0.93499491642,1.05793827892,1.17189872323,1.28450392046,1.39247813751,1.49869509092,1.5970731564,1.69372244896,1.78538851097,1.87485024585,1.95499209612,2.03307765588,2.10592312833,2.17590827567,2.237997777,2.29789298246,2.35350402959,2.40669514921,2.45153849499,2.49351092481,2.53093755833,2.56585160797,2.59674688638,2.62465060373,2.64998322951,2.67235001599,2.70678770472,2.7328367869,2.74992479916,2.76057356361,2.76500044173,2.76468376192,2.76008269894,2.75147159273,2.74036239409,2.72605357294,2.71002408406,2.69113514735,2.65326109274,2.6099822371,2.56468023038,2.51638923011,2.46807999314,2.41774780065,2.36865785859,2.31765172515,2.26871826305,2.21745629763,2.11920051824,2.01942885709,1.91686159174,1.81010149226,1.688661005,1.54103118897,1.36909839051,1.17557409258,0.963510288953,0.736251352498,0.497381292398,0.250667232195,-6.43251023151e-16,-0.250667232195,-0.497381292398,-0.736251352498,-0.963510288953,-1.17557409258,-1.36909839051,-1.54103118897,-1.688661005,-1.81010149226,-1.91684886347,-2.01933599449,-2.11910371909,-2.21732652083,-2.26864670711,-2.31771157288,-2.36877375259,-2.41777167737,-2.46807431107,-2.5162435221,-2.56459102303,-2.60981911926,-2.65303068612,-2.6909136448,-2.70972911296,-2.72583745832,-2.74006536633,-2.75126475636,-2.75983164101,-2.76446007183,-2.76479494067,-2.76046366839,-2.74977387016,-2.73264593948,-2.70665066046,-2.67224908653,-2.64990669436,-2.62457493012,-2.59669416945,-2.56579816919,-2.53087477002,-2.49345850281,-2.45148450271,-2.40662822198,-2.35344609725,-2.29787492651,-2.23799166529,-2.17589948041,-2.10590788541,-2.03308734821,-1.95500738552,-1.87485549571,-1.7853735596,-1.69368990791,-1.59704443831,-1.49866107358,-1.39244524835,-1.28449124109,-1.17189266689,-1.05793706967,-0.934999943935,-0.810814640168,-0.682496994399,-0.553311190928,-0.417424748801,-0.280827766709,-0.140717786987,5.90035384411e-15
8.4,0.0,0.141236009356,0.281657037348,0.418109580013,0.553612895218,0.681894268148,0.809040232606,0.931563739104,1.05256488801,1.16394683794,1.27367987229,1.37844177402,1.48130379077,1.57574598095,1.66800103479,1.75494174321,1.83954132484,1.91441429443,1.98665396193,2.05350796325,2.11776516796,2.1749535957,2.23007971535,2.28023268883,2.3274428227,2.36698806743,2.40431967701,2.43782049874,2.46923232608,2.52217694906,2.56560767459,2.5975826763,2.6226026623,2.64013890279,2.65213383939,2.6581306225,2.65985349292,2.65749411712,2.6515496142,2.64317239271,2.63184486929,2.61885378523,2.60329160079,2.57148663907,2.53472028558,2.49567828997,2.45361233989,2.41119625837,2.36663043255,2.32301930908,2.27721989133,2.23311768222,2.18656382017,2.09688622778,2.00494430583,1.90976990098,1.80965962823,1.688661005,1.54103118897,1.36909839051,1.17557409258,0.963510288953,0.736251352498,0.497381292398,0.250667232195,-6.43251023151e-16,-0.250667232195,-0.497381292398,-0.736251352498,-0.963510288953,-1.17557409258,-1.36909839051,-1.54103118897,-1.688661005,-1.80965962823,-1.90976990098,-2.00494430583,-2.0968877237,-2.18653888893,-2.23305652194,-2.27716971029,-2.32279283795,-2.36647584975,-2.41105949509,-2.45331678619,-2.49550223138,-2.53456455052,-2.57148637549,-2.60323428716,-2.61885190334,-2.63181461619,-2.64314910235,-2.65153930484,-2.65741260198,-2.6597193071,-2.65802247836,-2.65202867885,-2.64005087008,-2.6225483257,-2.59752673816,-2.565552493,-2.52210006967,-2.46915492171,-2.4377350906,-2.40424292165,-2.36690244451,-2.32734441635,-2.28013394788,-2.22999987128,-2.17489174296,-2.11771302809,-2.05346838608,-1.98663788584,-1.91438285817,-1.83951767866,-1.75492141102,-1.66797906102,-1.57574527845,-1.48129886966,-1.37845354773,-1.27369801827,-1.16394787428,-1.05256068611,-0.931572986531,-0.809050682696,-0.681905819831,-0.553621977748,-0.418109560476,-0.281656447805,-0.141239478088,5.93243773573e-15
8.8,0.0,0.141420532835,0.281765812363,0.417728556065,0.552473833485,0.679231522964,0.804508251018,0.924729183382,1.04302473457,1.15136637842,1.25779514675,1.35878895376,1.45746268424,1.54757218916,1.63530019567,1.71727796598,1.79634634911,1.86563302257,1.93242413626,1.99428224829,2.05396058022,2.10673091596,2.15744356953,2.20349944458,2.24706251338,2.28363744735,2.31849095133,2.34983103795,2.3794774303,2.42970220871,2.47186555633,2.50357829105,2.52920737776,2.54766390465,2.56097506634,2.56857304712,2.57226763022,2.57207921795,2.56851887179,2.56251805266,2.55379854222,2.54340139527,2.53065092627,2.50421821218,2.47280090934,2.43900628411,2.4021330017,2.3648232645,2.32508420158,2.28616553134,2.24491258106,2.20493150962,2.16257930096,2.08046452421,1.99534418616,1.90639168387,1.80965962823,1.688661005,1.54103118897,1.36909839051,1.17557409258,0.963510288953,0.736251352498,0.497381292398,0.250667232195,-6.43251023151e-16,-0.250667232195,-0.497381292398,-0.736251352498,-0.963510288953,-1.17557409258,-1.36909839051,-1.54103118897,-1.688661005,-1.80965962823,-1.90639168387,-1.99519787686,-2.08014307311,-2.16210061604,-2.20444678535,-2.24438089107,-2.28546282427,-2.32444542356,-2.36397053846,-2.40120425866,-2.43805780549,-2.47182753146,-2.50327857874,-2.52976004293,-2.5426036556,-2.55303498745,-2.56174221739,-2.56774700999,-2.57126011428,-2.5715191703,-2.56783379617,-2.56024846428,-2.54689949348,-2.52845945028,-2.50291951671,-2.47124793474,-2.42920643166,-2.37896114202,-2.34937993362,-2.31808719628,-2.28329348783,-2.24674774397,-2.2032151758,-2.15725657514,-2.10661673189,-2.05386568591,-1.99422886847,-1.93240706224,-1.86564585398,-1.79638568777,-1.71731350545,-1.63534184563,-1.54762481631,-1.45750081545,-1.35881181392,-1.25782173183,-1.15138926621,-1.04303765374,-0.924736765666,-0.804506839419,-0.679238874512,-0.552483619524,-0.417734711831,-0.281770348936,-0.141423733254,5.94825085739e-15
9.200000000000001,0.0,0.14106472595,0.28075319159,0.415559761425,0.548823351179,0.673562667828,0.796455394678,0.913850173627,1.0290513712,1.13393212687,1.2365513186,1.33344458311,1.42780531218,1.51315127079,1.59585065892,1.67274467182,1.74685138915,1.81158745187,1.87408524094,1.93166792062,1.98738677003,2.0365877654,2.08367193413,2.1264621883,2.16736406864,2.20192113666,2.23505620382,2.29511454308,2.3440872731,2.3856415741,2.41725056119,2.44323716569,2.46236809529,2.47682168538,2.48571733768,2.49099599969,2.49261478637,2.49115937602,2.48713524332,2.48065411164,2.46434270547,2.44252301935,2.41581592193,2.38678524188,2.3546014397,2.32155932283,2.28629985427,2.25131718196,2.21414251607,2.14185246781,2.06655270023,1.98761403523,1.90434814893,1.80965962823,1.688661005,1.54103118897,1.36909839051,1.17557409258,0.963510288953,0.736251352498,0.497381292398,0.250667232195,-6.43251023151e-16,-0.250667232195,-0.497381292398,-0.736251352498,-0.963510288953,-1.17557409258,-1.36909839051,-1.54103118897,-1.688661005,-1.80965962823,-1.90434814893,-1.98769767222,-2.06647384329,-2.14193319784,-2.21447983342,-2.25173882752,-2.28676078748,-2.32209633836,-2.35506565582,-2.38740699331,-2.4165343821,-2.44329037591,-2.46517904698,-2.48149315073,-2.48793593901,-2.49192906525,-2.49344430623,-2.49187474832,-2.48653695565,-2.47765339679,-2.46315187302,-2.44401406234,-2.41804338834,-2.38638385827,-2.34472874618,-2.29575285346,-2.23564497914,-2.20246334645,-2.16786303719,-2.12689634227,-2.08406873539,-2.03691022241,-1.98767364556,-1.93189507691,-1.87428424466,-1.81176699476,-1.74696193042,-1.67282427372,-1.59589124909,-1.51316163742,-1.42781695902,-1.33342892135,-1.23653764637,-1.13391993434,-1.02904412104,-0.913847714709,-0.796456980326,-0.673563229311,-0.548824583987,-0.415559287814,-0.280749329589,-0.141062122041,5.94413618427e-15
9.600000000000001,0.0,0.140157744967,0.278634962103,0.411787008722,0.543018525996,0.665177687881,0.785211362762,0.899363486103,1.0109522619,1.11192574067,1.21052595546,1.30322140516,1.39322666423,1.47421589594,1.55262689608,1.62552141243,1.69592178054,1.75751295192,1.81711173194,1.87220193036,1.92538253421,1.97193526321,2.01695925183,2.05822362452,2.09793756753,2.16519514384,2.22417427847,2.27245012619,2.31384438462,2.3456364037,2.37214445233,2.39205736891,2.40765826725,2.41791829745,2.42476594046,2.42792667873,2.42834350929,2.42617417813,2.42172854496,2.40941525539,2.39158150604,2.36906282967,2.34389569819,2.31565731648,2.28656482175,2.25494498569,2.22354479966,2.18977123937,2.12368093863,2.05405654653,1.98061870545,1.90230461399,1.80965962823,1.688661005,1.54103118897,1.36909839051,1.17557409258,0.963510288953,0.736251352498,0.497381292398,0.250667232195,-6.43251023151e-16,-0.250667232195,-0.497381292398,-0.736251352498,-0.963510288953,-1.17557409258,-1.36909839051,-1.54103118897,-1.688661005,-1.80965962823,-1.90230461399,-1.98061870545,-2.05405654653,-2.12363666139,-2.18972877511,-2.22349598432,-2.25503250105,-2.28661007126,-2.31570240916,-2.34404976802,-2.36922297137,-2.39181077469,-2.40961006885,-2.42192899154,-2.42638539522,-2.42853987174,-2.42812675016,-2.42485901075,-2.4180289033,-2.40785495078,-2.39224151075,-2.37229870488,-2.34572839246,-2.31392629352,-2.27250681199,-2.22423555007,-2.16524186711,-2.09802030533,-2.0583060863,-2.0170359951,-1.97200875752,-1.92540241365,-1.8722278239,-1.81714871847,-1.75749699302,-1.69588667801,-1.62543521018,-1.55253031739,-1.47409361158,-1.39314120127,-1.30316839219,-1.21048579406,-1.11187916844,-1.01092374691,-0.899350049631,-0.785204532096,-0.665169446979,-0.543001756768,-0.411765109489,-0.278612499847,-0.140147745288,5.91836119359e-15
10.0,0.0,0.138787039978,0.275548168896,0.406473269636,0.53514933208,0.654361874454,0.771141423104,0.881659686445,0.989502043711,1.08671677305,1.18151296242,1.27022673723,1.35633248195,1.43374812611,1.50892316364,1.57882602241,1.64654494861,1.70576200926,1.76330205444,1.8165643604,1.86816395986,1.91342018026,1.95731660727,1.99755116852,2.03638349857,2.10215127923,2.16012444606,2.20784472056,2.24909773638,2.28106247655,2.30805986644,2.32874425778,2.34536156076,2.3566774959,2.36492524655,2.36955834142,2.37159461776,2.37048231373,2.36179437351,2.34760273807,2.32870296738,2.30712178578,2.28227996549,2.25654451193,2.22818916092,2.19984039211,2.16913662982,2.10863833697,2.04430543759,1.97582071531,1.90211883809,1.80965962823,1.688661005,1.54103118897,1.36909839051,1.17557409258,0.963510288953,0.736251352498,0.497381292398,0.250667232195,-6.43251023151e-16,-0.250667232195,-0.497381292398,-0.736251352498,-0.963510288953,-1.17557409258,-1.36909839051,-1.54103118897,-1.688661005,-1.80965962823,-1.90211883809,-1.97582071531,-2.04430543759,-2.10863666944,-2.16912397178,-2.19982583902,-2.22816589953,-2.2563304349,-2.28217372535,-2.30696799269,-2.32858451953,-2.34750673896,-2.3618135317,-2.37057106218,-2.37153575696,-2.36949008784,-2.36479675523,-2.35660071666,-2.34533292458,-2.32869051188,-2.30803255313,-2.28097465425,-2.24905260803,-2.20781274377,-2.16012202044,-2.10211675258,-2.03634335914,-1.99750088871,-1.9572797086,-1.91338914098,-1.86811722717,-1.81652017587,-1.76326302414,-1.70569327165,-1.64647443153,-1.57878373905,-1.5089217013,-1.43376368451,-1.35634534522,-1.27023167991,-1.18151917785,-1.08673340461,-0.989508828961,-0.881661093402,-0.771151310598,-0.654369055773,-0.535158610114,-0.406476485967,-0.27555053512,-0.138788912648,5.87216739945e-15
10.4,0.0,0.136859075361,0.271338055269,0.399614040642,0.52542264496,0.641379337232,0.754792828724,0.861747346931,0.966119113682,1.05988275087,1.15137121301,1.23713539605,1.32050861542,1.39535010157,1.46820808541,1.53607697257,1.60202694446,1.65962189449,1.7157393264,1.76766916785,1.8181191354,1.86228299304,1.90522101509,1.94464328869,1.98282265959,2.04746522368,2.10468056124,2.15201556954,2.19324455963,2.22540389727,2.25292355145,2.27435945399,2.29196250696,2.30436370735,2.31388181279,2.31986562923,2.3233743727,2.32523651847,2.31967160841,2.30854193122,2.29290558204,2.27442702524,2.2528424263,2.23010090459,2.20478994993,2.17924350289,2.15126353039,2.09578499478,2.03614538732,1.97187180084,1.90211883809,1.80965962823,1.688661005,1.54103118897,1.36909839051,1.17557409258,0.963510288953,0.736251352498,0.497381292398,0.250667232195,-6.43251023151e-16,-0.250667232195,-0.497381292398,-0.736251352498,-0.963510288953,-1.17557409258,-1.36909839051,-1.54103118897,-1.688661005,-1.80965962823,-1.90211883809,-1.97187180084,-2.03614538732,-2.09578499478,-2.15126353039,-2.17921270513,-2.20476598987,-2.23011531876,-2.2529867152,-2.27456978912,-2.29309997616,-2.30877758016,-2.31994429835,-2.32545561964,-2.32366802381,-2.32013461887,-2.31415920337,-2.30468562135,-2.29232450195,-2.27467041778,-2.25325877874,-2.22566469589,-2.19351475383,-2.15225337928,-2.10491610466,-2.04765357761,-1.98300071672,-1.94482048489,-1.90537915508,-1.86243535041,-1.81826747674,-1.76779784753,-1.71587104508,-1.65974555689,-1.6021754217,-1.53620993979,-1.46832747812,-1.39546801677,-1.32061115849,-1.23721799908,-1.15144699486,-1.05993153621,-0.96616614721,-0.86177734493,-0.754810684569,-0.641380645925,-0.525421792443,-0.399608060429,-0.271334077741,-0.136857039623,5.80336558817e-15
10.8,0.0,0.13455355869,0.266545917116,0.391954601217,0.51470220447,0.627514687609,0.737809339776,0.841716022451,0.943107005765,1.03395859224,1.12264235566,1.20574277006,1.28677060047,1.35958890596,1.4306664671,1.49678122623,1.5611728236,1.61730675291,1.67207778869,1.72274927189,1.77208967716,1.85852234457,1.9360087139,1.99978918617,2.05658198987,2.10352536294,2.14481797559,2.17721483009,2.20532027798,2.22741558046,2.24607311811,2.25940813473,2.27007865079,2.27730141366,2.28222828466,2.28670081926,2.28399705104,2.27569906248,2.26293597739,2.24723356064,2.22848123812,2.20833179099,2.18566013128,2.16250657192,2.13699246238,2.08601407579,2.03046001206,1.97014491323,1.90211883809,1.80965962823,1.688661005,1.54103118897,1.36909839051,1.17557409258,0.963510288953,0.736251352498,0.497381292398,0.250667232195,-6.43251023151e-16,-0.250667232195,-0.497381292398,-0.736251352498,-0.963510288953,-1.17557409258,-1.36909839051,-1.54103118897,-1.688661005,-1.80965962823,-1.90211883809,-1.97024085143,-2.03048573038,-2.08585898604,-2.13683187724,-2.16236074791,-2.18548043375,-2.20820505555,-2.2283496545,-2.24717951304,-2.26289299471,-2.27555236106,-2.28382166004,-2.28656287223,-2.28206415211,-2.27716551637,-2.26998077614,-2.25931758073,-2.24598111773,-2.22733396894,-2.2052185337,-2.17706371875,-2.14465659446,-2.10338119095,-2.05642648381,-1.99960051356,-1.93580167821,-1.85835780352,-1.77193014004,-1.72260703903,-1.67193656284,-1.61718203397,-1.56104723524,-1.49666744812,-1.43056244352,-1.35950625167,-1.28669878728,-1.20567878224,-1.12257834758,-1.03389840278,-0.943061365773,-0.84170063117,-0.737808811067,-0.627533589227,-0.514719648416,-0.391963696415,-0.266557906971,-0.13456051861,5.71533725574e-15
11.200000000000001,0.0,0.131957478943,0.261175459187,0.383757154773,0.503640007452,0.613630340527,0.721180476016,0.822534362536,0.921500158545,1.01003596176,1.09666004324,1.1778048235,1.25705961376,1.32816433848,1.39764065227,1.46231979446,1.52540246352,1.5802742508,1.63390903702,1.68359585326,1.73206037555,1.81696507898,1.89332445201,1.95632165449,2.01261749911,2.05939122922,2.10072898696,2.13345164401,2.16206079913,2.18481472932,2.20427484943,2.21848259024,2.23022494355,2.23853742258,2.24466910892,2.25148952507,2.25134101255,2.24559509796,2.23544217737,2.2222240213,2.20591691116,2.18805666433,2.16768785282,2.1468534641,2.12362431653,2.07673132642,2.0250772661,1.96841802562,1.90211883809,1.80965962823,1.688661005,1.54103118897,1.36909839051,1.17557409258,0.963510288953,0.736251352498,0.497381292398,0.250667232195,-6.43251023151e-16,-0.250667232195,-0.497381292398,-0.736251352498,-0.963510288953,-1.17557409258,-1.36909839051,-1.54103118897,-1.688661005,-1.80965962823,-1.90211883809,-1.96841802562,-2.02489345445,-2.07646784438,-2.12314144764,-2.14641954748,-2.16730330718,-2.18762464375,-2.20543941975,-2.22171491983,-2.23484211527,-2.24503023392,-2.25078362843,-2.25096000544,-2.24404945986,-2.23789975362,-2.22960120443,-2.21790800197,-2.20366391963,-2.18425161854,-2.16148633527,-2.13285562293,-2.10018214871,-2.05886107193,-2.01210481666,-1.95583696479,-1.89289830033,-1.81653893423,-1.73169578641,-1.68323527943,-1.63356300942,-1.57994813061,-1.52509419595,-1.46203077864,-1.39736894969,-1.32792577021,-1.25682769499,-1.17758421447,-1.09645643964,-1.00984349478,-0.921317202837,-0.822410904597,-0.721156682751,-0.613598052164,-0.503579171177,-0.383715280946,-0.261154875586,-0.131949622093,5.61355909209e-15
11.600000000000001,0.0,0.129172591201,0.255636431218,0.375306231831,0.492441255662,0.599762463685,0.704881069486,0.80380394391,0.900559348635,0.987008536428,1.07163512607,1.15086315187,1.22829390805,1.29772631807,1.36569734741,1.42888359786,1.49061155905,1.5443008031,1.59686048007,1.6455577851,1.69312968139,1.77643046847,1.85150698874,1.9135430936,1.96929701617,2.01569957745,2.05702564554,2.08974514782,2.11874077398,2.1419654974,2.16208900218,2.17701128094,2.18956033807,2.20798292709,2.21692091019,2.21896133948,2.21550162203,2.20760427615,2.19655630992,2.182536782,2.16692558504,2.14871008606,2.11100163086,2.0678773321,2.01990140065,1.96669113801,1.90211883809,1.80965962823,1.688661005,1.54103118897,1.36909839051,1.17557409258,0.963510288953,0.736251352498,0.497381292398,0.250667232195,-6.43251023151e-16,-0.250667232195,-0.497381292398,-0.736251352498,-0.963510288953,-1.17557409258,-1.36909839051,-1.54103118897,-1.688661005,-1.80965962823,-1.90211883809,-1.96669113801,-2.01990140065,-2.0678773321,-2.11098163544,-2.14861932869,-2.16684627905,-2.182536782,-2.19652344429,-2.20741941136,-2.21524259101,-2.21874546708,-2.21667641193,-2.2078033473,-2.18923026256,-2.17668436031,-2.1617853714,-2.14164071889,-2.11841466957,-2.08942534784,-2.05663279902,-2.01531738668,-1.96891205774,-1.91322296121,-1.85121341767,-1.77612742408,-1.69282942652,-1.64526279293,-1.59659380886,-1.54405613202,-1.49039239208,-1.42866517269,-1.36548994956,-1.29753558868,-1.22811803249,-1.15069153674,-1.07147312916,-0.986852125906,-0.900410283501,-0.803680567666,-0.704780638669,-0.599682174028,-0.492371511765,-0.375256328009,-0.255609859516,-0.129163185341,5.50152477858e-15
12.0,0.0,0.126503655801,0.250324796614,0.367525729296,0.482253328717,0.587292945363,0.69018410166,0.787063702836,0.881833121782,0.966346212062,1.04921555744,1.12676284659,1.20268682138,1.27065599839,1.33724359767,1.39921051444,1.45982919965,1.51249226143,1.56412858175,1.65976560386,1.74183158729,1.81604982768,1.87747971159,1.93279370454,1.9790845648,2.0204404712,2.05347412363,2.08287891927,2.10656596436,2.12733678356,2.14295640045,2.15637214173,2.17667954168,2.18754724994,2.19173248474,2.19029538825,2.18455568503,2.17567898002,2.16372637924,2.14997640946,2.1337529459,2.09965035529,2.05998451801,2.01518416705,1.9649642504,1.90211883809,1.80965962823,1.688661005,1.54103118897,1.36909839051,1.17557409258,0.963510288953,0.736251352498,0.497381292398,0.250667232195,-6.43251023151e-16,-0.250667232195,-0.497381292398,-0.736251352498,-0.963510288953,-1.17557409258,-1.36909839051,-1.54103118897,-1.688661005,-1.80965962823,-1.90211883809,-1.9649642504,-2.01518416705,-2.05998451801,-2.09956013125,-2.13364604217,-2.14987880802,-2.16359751928,-2.17555836984,-2.1844951491,-2.19024071535,-2.19169845884,-2.18749979889,-2.17666873438,-2.15642000143,-2.14297721564,-2.12735898223,-2.10654455854,-2.08284584372,-2.05344016348,-2.02039718708,-1.97903084785,-1.93277011307,-1.87744222143,-1.81606635629,-1.74182632949,-1.65979386109,-1.56415346952,-1.51251189188,-1.45987149505,-1.39924049663,-1.33728360952,-1.27070319849,-1.2027244087,-1.1267979687,-1.04924699137,-0.966376111739,-0.881864756261,-0.787079740058,-0.690192120462,-0.587298756429,-0.48225603601,-0.367521056598,-0.250319148992,-0.126501121793,5.39180543033e-15
12.4,0.0,0.124030288924,0.245558886081,0.360412216225,0.472974067688,0.57594684074,0.676936007515,0.771870266308,0.864859962558,0.94762073991,1.02889183722,1.10494493234,1.17951402755,1.24618566788,1.31157867454,1.37252167116,1.43218499429,1.53554478226,1.62974188802,1.71074341899,1.78417316298,1.84498599139,1.90009474945,1.94622523701,1.9877882645,2.02106486457,2.05093127873,2.075105717,2.09653990202,2.11289057308,2.12716687177,2.14906890633,2.16172069923,2.16776270191,2.16820915969,2.16437357775,2.15731070318,2.14722254304,2.13526247552,2.12089699747,2.09013258373,2.05364043246,2.01187622669,1.96458049759,1.90211883809,1.80965962823,1.688661005,1.54103118897,1.36909839051,1.17557409258,0.963510288953,0.736251352498,0.497381292398,0.250667232195,-6.43251023151e-16,-0.250667232195,-0.497381292398,-0.736251352498,-0.963510288953,-1.17557409258,-1.36909839051,-1.54103118897,-1.688661005,-1.80965962823,-1.90211883809,-1.96458049759,-2.01187261405,-2.05363221466,-2.09007597659,-2.12078956991,-2.13521100055,-2.14713674893,-2.15723856895,-2.16431166446,-2.16814379018,-2.16766368685,-2.16160885355,-2.14898474329,-2.12699375059,-2.11273131549,-2.09636431197,-2.07492892154,-2.05073109889,-2.02089100346,-1.98755603787,-1.94599772517,-1.89980696238,-1.84474898793,-1.78396161843,-1.71056228159,-1.62958686999,-1.53543114581,-1.43212104689,-1.37245116157,-1.31151769702,-1.24612497213,-1.17945574777,-1.10488033432,-1.0288351805,-0.947568980437,-0.864811483463,-0.771827073729,-0.676900308758,-0.57592207534,-0.472956311435,-0.360402901933,-0.245551364028,-0.124036058932,5.28921159891e-15
12.8,0.0,0.121748375567,0.241101213148,0.353878500278,0.464513559506,0.565541056367,0.664739094338,0.757968529081,0.849404122095,0.9307168276,1.01055837473,1.08528891948,1.15856641936,1.22414351279,1.28857036486,1.34852658322,1.40735006722,1.50905166331,1.60202866428,1.68199670714,1.75476051523,1.81510710004,1.86986943325,1.91596867858,1.95759009043,1.99106378636,2.02133814725,2.04601899086,2.06802256367,2.0850875282,2.10018294694,2.12372840636,2.13802267214,2.1458415142,2.14802184451,2.14603041257,2.14067760968,2.13230586656,2.12200531142,2.10926843496,2.08159713695,2.04817125642,2.00922182581,1.96458049759,1.90211883809,1.80965962823,1.688661005,1.54103118897,1.36909839051,1.17557409258,0.963510288953,0.736251352498,0.497381292398,0.250667232195,-6.43251023151e-16,-0.250667232195,-0.497381292398,-0.736251352498,-0.963510288953,-1.17557409258,-1.36909839051,-1.54103118897,-1.688661005,-1.80965962823,-1.90211883809,-1.96458049759,-2.00922931644,-2.04816741027,-2.08159992465,-2.10923391754,-2.12195338982,-2.13225973298,-2.14057988643,-2.14594907159,-2.14799622096,-2.14578562063,-2.13794273821,-2.12370713834,-2.10023920336,-2.08513317304,-2.068069891,-2.04606756527,-2.02138811327,-1.99115085112,-1.95765953673,-1.91597110177,-1.86985772248,-1.81509961548,-1.75474447677,-1.68198920851,-1.60201715625,-1.50905347306,-1.40733515201,-1.34852215583,-1.28855765947,-1.2241324777,-1.15856616297,-1.08526762197,-1.01053010894,-0.930694535621,-0.849383099404,-0.757945160622,-0.664718060946,-0.565519659878,-0.464492509328,-0.353859132518,-0.241090209006,-0.121742003372,5.1955076568e-15
13.200000000000001,0.0,0.119556988197,0.236876829561,0.3476810232,0.456501149083,0.555827905764,0.653337067238,0.744950433686,0.834784916001,0.914642802603,0.993152634514,1.06665232,1.13881913931,1.2033087223,1.26676615756,1.3258398854,1.38390081498,1.48417166926,1.57586518619,1.65496756353,1.72696381097,1.78674219569,1.84125180845,1.88719366839,1.92897245718,1.96259247726,1.99316315724,2.01826319194,2.0408412345,2.07581591117,2.10075236182,2.11647533097,2.12590009353,2.12964127452,2.12927981091,2.12546433149,2.1187288632,2.10995059405,2.09878007143,2.07397341561,2.04316972174,2.00675603994,1.96458049759,1.90211883809,1.80965962823,1.688661005,1.54103118897,1.36909839051,1.17557409258,0.963510288953,0.736251352498,0.497381292398,0.250667232195,-6.43251023151e-16,-0.250667232195,-0.497381292398,-0.736251352498,-0.963510288953,-1.17557409258,-1.36909839051,-1.54103118897,-1.688661005,-1.80965962823,-1.90211883809,-1.96458049759,-2.00665248381,-2.04310224957,-2.07398147533,-2.09874128061,-2.10994230633,-2.11873174448,-2.12548229244,-2.1292795777,-2.12964763269,-2.12579027358,-2.11639683007,-2.10062191332,-2.07572291967,-2.04066517875,-2.018082672,-1.99300901637,-1.96242959812,-1.92881154213,-1.88701699837,-1.84108921407,-1.78656082707,-1.72680188729,-1.65479075711,-1.57570920702,-1.4840413791,-1.38379039754,-1.32573223622,-1.26667279154,-1.20324848484,-1.1387729044,-1.06660884028,-0.993105947319,-0.91459729777,-0.834749366787,-0.744919760462,-0.653310070247,-0.555804776671,-0.456481382243,-0.347666754599,-0.236868300701,-0.11955300091,5.10684065225e-15
13.600000000000001,0.0,0.117675329432,0.233175043006,0.342215209951,0.449244698694,0.546930853558,0.64292345728,0.733107986478,0.82163432076,0.900175742995,0.97749829011,1.04991458986,1.12110548352,1.1847009969,1.24732360374,1.30561462802,1.36295294709,1.46185850715,1.55256633233,1.63081900437,1.70231858593,1.76176651613,1.81604911401,1.8620192906,1.90386539953,1.93770549461,1.96862034963,1.99419230745,2.0173994585,2.05360184335,2.0797185674,2.09680491923,2.10775680064,2.11300322641,2.11414661891,2.11175863531,2.10646577064,2.09916628219,2.08950757533,2.06725256115,2.03899884644,2.00502729016,1.96458049759,1.90211883809,1.80965962823,1.688661005,1.54103118897,1.36909839051,1.17557409258,0.963510288953,0.736251352498,0.497381292398,0.250667232195,-6.43251023151e-16,-0.250667232195,-0.497381292398,-0.736251352498,-0.963510288953,-1.17557409258,-1.36909839051,-1.54103118897,-1.688661005,-1.80965962823,-1.90211883809,-1.96458049759,-2.00502729016,-2.03899884644,-2.06725492517,-2.08950757533,-2.09908201207,-2.10637937534,-2.11166900787,-2.11400942779,-2.11284666969,-2.1075436761,-2.09669974701,-2.07960690453,-2.0535639929,-2.0173994897,-1.99416327592,-1.96860438424,-1.93772376727,-1.90389142525,-1.86204442874,-1.81609764845,-1.76180649409,-1.70238700702,-1.63087587689,-1.55263460819,-1.46190876096,-1.36301061907,-1.30564460803,-1.24738404037,-1.18473406334,-1.12114408429,-1.04994114902,-0.977531131599,-0.900203053421,-0.821657200699,-0.733129421391,-0.642942637663,-0.546947304987,-0.449257938746,-0.342225485232,-0.233182759543,-0.117679190139,5.02630760984e-15
14.0,0.0,0.115817465123,0.229595939618,0.336992276737,0.44248887141,0.538649807067,0.633238340431,0.722117818459,0.809447660114,0.88685107969,0.963133184151,1.0344857742,1.10470709254,1.16739395437,1.22924777504,1.28680878787,1.34355847492,1.44121646206,1.53103204423,1.60860963125,1.67956854236,1.73858763596,1.79273528612,1.83861338278,1.88064069386,1.91475887954,1.94603812302,1.97211210376,1.99590549295,2.03304183048,2.06034779577,2.07871445906,2.09098128261,2.09755317876,2.10010357891,2.09908645005,2.09519408586,2.08928731076,2.08104578044,2.06141536907,2.03546439652,2.0036626339,1.96458049759,1.90211883809,1.80965962823,1.688661005,1.54103118897,1.36909839051,1.17557409258,0.963510288953,0.736251352498,0.497381292398,0.250667232195,-6.43251023151e-16,-0.250667232195,-0.497381292398,-0.736251352498,-0.963510288953,-1.17557409258,-1.36909839051,-1.54103118897,-1.688661005,-1.80965962823,-1.90211883809,-1.96458049759,-2.0036626339,-2.03541287138,-2.0614506573,-2.0812043492,-2.08943725757,-2.09522275061,-2.09910632364,-2.10012331525,-2.09757302779,-2.09094451509,-2.0787166976,-2.06036440603,-2.03306380999,-1.99590969758,-1.97212396566,-1.94607190917,-1.9147280789,-1.88068295301,-1.83867124109,-1.79279574694,-1.73865071768,-1.67962984491,-1.60865244168,-1.53107713351,-1.4412469928,-1.34357523926,-1.28683419237,-1.22927013097,-1.16743198253,-1.10471687564,-1.03450456323,-0.963154304017,-0.886864660787,-0.809454755838,-0.722122643226,-0.633237905263,-0.538651598263,-0.442489940496,-0.336991709264,-0.229598625736,-0.115818972214,4.9510359062e-15
14.4,0.0,0.114063920286,0.226152399766,0.331982571494,0.436011570898,0.530801771077,0.624111768899,0.711673447457,0.797783642654,0.8740363574,0.949252672983,1.01964569907,1.08900125968,1.1508335551,1.21192819243,1.32539261423,1.42202055308,1.51086921039,1.58772805099,1.65823708958,1.71689661463,1.77094098786,1.81673962296,1.85891148561,1.89324543842,1.92486323326,1.95131797557,1.97574784477,2.01383169399,2.04225823738,2.0617786068,2.07529921177,2.08312751142,2.08693185693,2.0872308132,2.08471313339,2.0800705019,2.07322566582,2.05572244601,2.03190379647,2.00229797765,1.96458049759,1.90211883809,1.80965962823,1.688661005,1.54103118897,1.36909839051,1.17557409258,0.963510288953,0.736251352498,0.497381292398,0.250667232195,-6.43251023151e-16,-0.250667232195,-0.497381292398,-0.736251352498,-0.963510288953,-1.17557409258,-1.36909839051,-1.54103118897,-1.688661005,-1.80965962823,-1.90211883809,-1.96458049759,-2.00229797765,-2.03190379647,-2.05572244601,-2.07322566582,-2.08017232936,-2.08482528108,-2.08736534087,-2.08708811041,-2.08328549947,-2.07546591064,-2.06197986118,-2.0424198115,-2.01396743879,-1.97585762955,-1.95147648356,-1.9250193277,-1.89331509312,-1.8589815568,-1.8167926983,-1.77098190111,-1.71687584514,-1.65825182319,-1.58771314584,-1.51085934906,-1.42198601276,-1.32537592684,-1.21193071418,-1.15084857964,-1.08900957973,-1.01965243207,-0.949265999127,-0.874039547626,-0.79779032834,-0.711684230078,-0.624119324532,-0.530806922103,-0.436011288676,-0.33198376498,-0.22615294887,-0.114064556613,4.87893506221e-15
14.8,0.0,0.112496351107,0.223131897303,0.327453505127,0.430077033067,0.523532772717,0.615614154254,0.702034335265,0.787100623757,0.862286905186,0.936526625371,1.00606302845,1.07461690147,1.1357178227,1.19618050087,1.3083273236,1.40382605132,1.49187554215,1.5680562691,1.63816396164,1.69654479985,1.7503865343,1.79619773213,1.83839892395,1.87292613176,1.90496507095,1.9317842224,1.95672443491,1.99563334692,2.0250469415,2.04561442111,2.06030471605,2.06931006954,2.07430682476,2.07588248957,2.07463177428,2.07118089322,2.0654654448,2.05020466683,2.02856586876,2.0009333214,1.96458049759,1.90211883809,1.80965962823,1.688661005,1.54103118897,1.36909839051,1.17557409258,0.963510288953,0.736251352498,0.497381292398,0.250667232195,-6.43251023151e-16,-0.250667232195,-0.497381292398,-0.736251352498,-0.963510288953,-1.17557409258,-1.36909839051,-1.54103118897,-1.688661005,-1.80965962823,-1.90211883809,-1.96458049759,-2.0009333214,-2.02856586876,-2.05020466683,-2.0654654448,-2.07118089322,-2.07463177428,-2.07588877809,-2.07433293995,-2.06932721597,-2.06033971222,-2.04565166443,-2.02508779202,-1.99565558654,-1.95668375291,-1.93183366599,-1.90499430789,-1.87300601464,-1.83846359198,-1.7962468441,-1.75043290755,-1.69661218418,-1.63822342604,-1.568091728,-1.4919249822,-1.4038496358,-1.308313379,-1.19618634154,-1.13571433858,-1.07460413074,-1.00604789579,-0.936521595401,-0.862284087496,-0.787089783864,-0.702029434925,-0.615603220637,-0.523525312715,-0.430073024418,-0.327450093597,-0.223130180346,-0.112494201973,4.81253003167e-15
15.200000000000001,0.0,0.110926362871,0.220088010442,0.323037525052,0.424364993931,0.516536903214,0.607412195135,0.69274915819,0.776796672295,0.851041696863,0.924412344455,0.992975956624,1.06078089922,1.18117304903,1.29217145685,1.38662418521,1.47395096735,1.54958276512,1.61923881923,1.67725384081,1.73096933732,1.77675925217,1.8191734775,1.85389461874,1.88621406347,1.91342619988,1.93877815918,1.97855876168,2.00895787093,2.03061152661,2.04632770924,2.05640911618,2.06252303114,2.06523474664,2.06510889944,2.06283279711,2.05831124656,2.04505609492,2.02526481381,1.9994711897,1.96458049759,1.90211883809,1.80965962823,1.688661005,1.54103118897,1.36909839051,1.17557409258,0.963510288953,0.736251352498,0.497381292398,0.250667232195,-6.43251023151e-16,-0.250667232195,-0.497381292398,-0.736251352498,-0.963510288953,-1.17557409258,-1.36909839051,-1.54103118897,-1.688661005,-1.80965962823,-1.90211883809,-1.96458049759,-1.9994711897,-2.02526481381,-2.04505609492,-2.05832726977,-2.06289369064,-2.06515586749,-2.06524098066,-2.0625555398,-2.0564332918,-2.04636894555,-2.03061574098,-2.00906867524,-1.97862951384,-1.93887778412,-1.9135069509,-1.88628505542,-1.85397747378,-1.81925767173,-1.77683936427,-1.73103256079,-1.67731073815,-1.61930218458,-1.54969593487,-1.47403116148,-1.38668918711,-1.29221807768,-1.181229998,-1.06082612833,-0.993018699583,-0.924449629456,-0.851079233997,-0.776828942392,-0.692768146588,-0.607440081473,-0.516553346979,-0.424379444917,-0.323049183699,-0.220101263384,-0.110932379056,4.74874246059e-15
15.600000000000001,0.0,0.10962237795,0.217564203942,0.319377996819,0.419626342466,0.510482176135,0.600112746308,0.684337533409,0.767333055988,0.840638424444,0.913130764619,0.980938341172,1.04803740683,1.16707937364,1.27700903368,1.37061897809,1.4571458477,1.53218735272,1.60145725577,1.65910558801,1.71269473803,1.75860349331,1.80108857523,1.83606257236,1.86863492353,1.89606957723,1.92186668102,1.96228860062,1.99358477003,2.01605266509,2.03284692216,2.04386929667,2.05118351218,2.0549421997,2.055999805,2.05462962082,2.05120984049,2.03987767807,2.02196166932,1.998009058,1.96458049759,1.90211883809,1.80965962823,1.688661005,1.54103118897,1.36909839051,1.17557409258,0.963510288953,0.736251352498,0.497381292398,0.250667232195,-6.43251023151e-16,-0.250667232195,-0.497381292398,-0.736251352498,-0.963510288953,-1.17557409258,-1.36909839051,-1.54103118897,-1.688661005,-1.80965962823,-1.90211883809,-1.96458049759,-1.998009058,-2.02196166932,-2.03987767807,-2.05120984049,-2.0546595472,-2.05602997126,-2.05497194323,-2.05117234829,-2.04390915832,-2.03287032463,-2.01607618945,-1.99362152029,-1.96235850834,-1.92187601189,-1.89611039022,-1.86864820458,-1.83608555141,-1.80117305244,-1.75861674233,-1.71272744383,-1.65914620858,-1.60148849752,-1.53222140462,-1.45717815001,-1.37069235155,-1.27706831728,-1.16713175413,-1.04809813118,-0.980974505355,-0.913167261169,-0.840668485752,-0.76734689549,-0.684353248565,-0.60013780684,-0.51049836414,-0.41964163087,-0.319391027786,-0.217572936237,-0.109627635115,4.68994264903e-15
16.0,0.0,0.108300411085,0.214998758315,0.315511508362,0.41451974166,0.504333157623,0.592972365313,0.676136838178,0.758145767109,0.830495632398,0.902193957706,0.969258105245,1.03567140035,1.15353172435,1.26228323066,1.35492597702,1.44074191393,1.5151579793,1.58404805903,1.64152849748,1.69492843396,1.74077040731,1.78341850105,1.81843859279,1.8512485489,1.87895083709,1.90510432942,1.946152511,1.97817816808,2.0014503122,2.01910785603,2.03114223485,2.0395649816,2.04434904716,2.04649840169,2.04479937611,2.03516908302,2.01892623334,1.99664440175,1.96458049759,1.90211883809,1.80965962823,1.688661005,1.54103118897,1.36909839051,1.17557409258,0.963510288953,0.736251352498,0.497381292398,0.250667232195,-6.43251023151e-16,-0.250667232195,-0.497381292398,-0.736251352498,-0.963510288953,-1.17557409258,-1.36909839051,-1.54103118897,-1.688661005,-1.80965962823,-1.90211883809,-1.96458049759,-1.99664440175,-2.01892623334,-2.03516908302,-2.04479937611,-2.04649840169,-2.04437412478,-2.0395869116,-2.03128194584,-2.01923531718,-2.00159252216,-1.97828268057,-1.94627496126,-1.90520397139,-1.87905635164,-1.85133832709,-1.81852227861,-1.78350178779,-1.74083586691,-1.69498715831,-1.64157939126,-1.58409752062,-1.51521120974,-1.44078729797,-1.35498681033,-1.2623374672,-1.15358433344,-1.03573708075,-0.969310658597,-0.902230554249,-0.830554887382,-0.758187861316,-0.676180652625,-0.593010260267,-0.504367253849,-0.414546221411,-0.315531839559,-0.215011583673,-0.108308138877,4.63298069983e-15
16.400000000000002,0.0,0.106930310126,0.21248527562,0.311779020227,0.409836722654,0.498514619789,0.58624030035,0.668462037919,0.74971004943,0.82146615856,0.892575615201,0.958975620522,1.0248231818,1.14119270929,1.24876656179,1.3405230489,1.4256964841,1.49966605152,1.56810301936,1.62531709089,1.67870018627,1.72452108277,1.76732806241,1.80241276414,1.83562072785,1.89077995865,1.93247961634,1.96534005154,1.9895324897,2.00797393576,2.02101979719,2.030354372,2.03598184515,2.0392423198,2.03922260374,2.03129187989,2.01674347353,1.99605954907,1.96458049759,1.90211883809,1.80965962823,1.688661005,1.54103118897,1.36909839051,1.17557409258,0.963510288953,0.736251352498,0.497381292398,0.250667232195,-6.43251023151e-16,-0.250667232195,-0.497381292398,-0.736251352498,-0.963510288953,-1.17557409258,-1.36909839051,-1.54103118897,-1.688661005,-1.80965962823,-1.90211883809,-1.96458049759,-1.99605954907,-2.01674347353,-2.03129187989,-2.03922260374,-2.0392423198,-2.03598184515,-2.03034539403,-2.02101663291,-2.00798013057,-1.98957050906,-1.96535493853,-1.93252045541,-1.89080325059,-1.83566740661,-1.80248063484,-1.76731823309,-1.72451961417,-1.67867390545,-1.62527751528,-1.56805976857,-1.4996052222,-1.42563334359,-1.34046433627,-1.24873353094,-1.14117221562,-1.02480484113,-0.958957436351,-0.892554518108,-0.821441363074,-0.74968506376,-0.668425436777,-0.586221378004,-0.498492500769,-0.409822906105,-0.311771549191,-0.212475465848,-0.106926305719,4.58050891961e-15
16.8,0.0,0.10576744007,0.210211207888,0.308517671288,0.405607635862,0.493353955629,0.580191433842,0.661639648418,0.742148995583,0.813181922275,0.883593432062,0.949406067978,1.01472788228,1.13005211744,1.23681533115,1.32794669296,1.41247064513,1.48599645725,1.5542167907,1.61127534203,1.66471323921,1.71069930555,1.75361657109,1.78890988515,1.82242608131,1.87807181447,1.9203869694,1.95395468942,1.97890888749,1.99820812741,2.01217311519,2.02254917633,2.02909083813,2.03319191065,2.03474787942,2.02835385538,2.01526440083,1.99605954907,1.96458049759,1.90211883809,1.80965962823,1.688661005,1.54103118897,1.36909839051,1.17557409258,0.963510288953,0.736251352498,0.497381292398,0.250667232195,-6.43251023151e-16,-0.250667232195,-0.497381292398,-0.736251352498,-0.963510288953,-1.17557409258,-1.36909839051,-1.54103118897,-1.688661005,-1.80965962823,-1.90211883809,-1.96458049759,-1.99605954907,-2.01526440083,-2.02835385538,-2.03474787942,-2.03307709051,-2.02898200065,-2.02238770636,-2.01201196738,-1.99804928002,-1.97872695874,-1.95374539814,-1.9201948658,-1.87781488598,-1.82214857739,-1.78871594144,-1.75341362226,-1.71048644203,-1.66448390749,-1.6110678514,-1.55403393379,-1.48582545623,-1.41231584538,-1.32780510353,-1.23667013691,-1.12990560925,-1.01459088464,-0.949277216062,-0.883493935816,-0.813077740474,-0.742062327735,-0.661567514061,-0.580119887416,-0.493306908714,-0.405565783297,-0.308490823695,-0.210190653714,-0.105757858113,4.53291777035e-15
17.2,0.0,0.104620975254,0.207965582181,0.305309497575,0.40145414808,0.488281775004,0.574219160185,0.654907020236,0.734693776567,0.804928647258,0.874763544027,1.00489776688,1.11916837251,1.22516214004,1.31578078927,1.39999418995,1.47288875835,1.54074252535,1.597741323,1.65108331993,1.69706882222,1.74018976948,1.7756123715,1.80934466262,1.86546935882,1.90843360232,1.94272904625,1.96840253934,1.98859344986,2.00341909109,2.01466781182,2.02205032786,2.02707755177,2.0302235684,2.02526469033,2.01374931982,1.99605954907,1.96458049759,1.90211883809,1.80965962823,1.688661005,1.54103118897,1.36909839051,1.17557409258,0.963510288953,0.736251352498,0.497381292398,0.250667232195,-6.43251023151e-16,-0.250667232195,-0.497381292398,-0.736251352498,-0.963510288953,-1.17557409258,-1.36909839051,-1.54103118897,-1.688661005,-1.80965962823,-1.90211883809,-1.96458049759,-1.99605954907,-2.01374931982,-2.02526469033,-2.0302235684,-2.02703585635,-2.02200612147,-2.01465896392,-2.00348388171,-1.98865573939,-1.96842191798,-1.94275009244,-1.90850574438,-1.86559323504,-1.80944492512,-1.77572042499,-1.74028726093,-1.69717974694,-1.65120284697,-1.5978859003,-1.5408177121,-1.47296918718,-1.40007452095,-1.31584615292,-1.22523637413,-1.11923104736,-1.00494121191,-0.874793704642,-0.804953308663,-0.734724206072,-0.654930561809,-0.574243255452,-0.488294691922,-0.401464512249,-0.305315139503,-0.207969855391,-0.104621363276,4.48629281388e-15
17.6,0.0,0.103648257439,0.206065139396,0.302440381795,0.397609226635,0.483704215236,0.56889724182,0.6487285526,0.727829265602,0.797376977574,0.866575741238,0.995678947572,1.1091406006,1.2142711315,1.30423151127,1.3879906953,1.46053297953,1.5282576115,1.58510084557,1.63843450203,1.68442516665,1.72771692018,1.7632571298,1.79724068086,1.85383917811,1.89729729599,1.93221680526,1.95868459166,1.9797576399,1.99544976131,2.00748766677,2.01564345302,2.02150414313,2.02614660632,2.02268015979,2.01248280535,1.99605954907,1.96458049759,1.90211883809,1.80965962823,1.688661005,1.54103118897,1.36909839051,1.17557409258,0.963510288953,0.736251352498,0.497381292398,0.250667232195,-6.43251023151e-16,-0.250667232195,-0.497381292398,-0.736251352498,-0.963510288953,-1.17557409258,-1.36909839051,-1.54103118897,-1.688661005,-1.80965962823,-1.90211883809,-1.96458049759,-1.99605954907,-2.01248280535,-2.02268015979,-2.02614660632,-2.02150414313,-2.01560817313,-2.00746759124,-1.99540995049,-1.97972006632,-1.95863939097,-1.93218124265,-1.89722551418,-1.85377237194,-1.79718410902,-1.76318945662,-1.72763973471,-1.68436738532,-1.63837044082,-1.58504076359,-1.52816094032,-1.4604469363,-1.38791231081,-1.30415639049,-1.21422124494,-1.10912347062,-0.99566079624,-0.866552322635,-0.797361657335,-0.727805002166,-0.648713063411,-0.568886430916,-0.483694494055,-0.397603290658,-0.302432481616,-0.2060576102,-0.103643213828,4.44320933151e-15
18.0,0.0,0.102650719018,0.204081324653,0.299494305258,0.393925833927,0.479130166618,0.563623957307,0.642778076417,0.721281926936,0.859051316436,0.986968939317,1.09952163753,1.20395588187,1.29320748146,1.37654285669,1.44889920753,1.51632559939,1.57300638911,1.62636168171,1.67236056604,1.71584559906,1.75148952932,1.78570419323,1.84275362858,1.88676116745,1.92232193254,1.94953904141,1.97138135031,1.98784576406,2.00069850656,2.00955617833,2.01628029854,2.02227218085,2.02011460282,2.01120641483,1.99605954907,1.96458049759,1.90211883809,1.80965962823,1.688661005,1.54103118897,1.36909839051,1.17557409258,0.963510288953,0.736251352498,0.497381292398,0.250667232195,-6.43251023151e-16,-0.250667232195,-0.497381292398,-0.736251352498,-0.963510288953,-1.17557409258,-1.36909839051,-1.54103118897,-1.688661005,-1.80965962823,-1.90211883809,-1.96458049759,-1.99605954907,-2.01120641483,-2.02011460282,-2.02227218085,-2.01628029854,-2.00953296024,-2.00068781496,-1.98775889867,-1.97140288493,-1.94955376001,-1.92234144335,-1.88677760642,-1.84278498546,-1.78573992312,-1.75150804394,-1.71592957164,-1.67244624914,-1.62641592938,-1.57307526058,-1.51639112467,-1.44890341585,-1.37655714147,-1.29322417091,-1.20397211748,-1.09954324329,-0.986988411323,-0.859068891011,-0.721298247005,-0.642790684984,-0.563636163222,-0.479132564952,-0.393930842016,-0.299497018968,-0.204081778399,-0.102652411305,4.40181189863e-15
18.400000000000002,0.0,0.10162884562,0.202220309982,0.296850198287,0.390476764237,0.474922986759,0.558684699553,0.63720565788,0.715100729895,0.851676101719,0.978645404897,1.09032197371,1.19411260838,1.28296027158,1.36579582898,1.43782900561,1.50515947358,1.56164921228,1.61503581682,1.66112986275,1.70472371968,1.74039341681,1.77484041022,1.83236006274,1.87680168474,1.91292297615,1.9408400262,1.96345147345,1.98056188958,1.99415065366,2.00376069459,2.01125227734,2.01855078125,2.01765303254,2.00999853793,1.99605954907,1.96458049759,1.90211883809,1.80965962823,1.688661005,1.54103118897,1.36909839051,1.17557409258,0.963510288953,0.736251352498,0.497381292398,0.250667232195,-6.43251023151e-16,-0.250667232195,-0.497381292398,-0.736251352498,-0.963510288953,-1.17557409258,-1.36909839051,-1.54103118897,-1.688661005,-1.80965962823,-1.90211883809,-1.96458049759,-1.99605954907,-2.00999853793,-2.01766875278,-2.01855078125,-2.01115709379,-2.00371318842,-1.99417886139,-1.98053178043,-1.96344968852,-1.94084317344,-1.91292753989,-1.8767755827,-1.83233012498,-1.77482017752,-1.74038032178,-1.70469687775,-1.66109971948,-1.61500709103,-1.56162549565,-1.50512124487,-1.43778913115,-1.36574081301,-1.28292597501,-1.19406688151,-1.09027375159,-0.978603454057,-0.851636179921,-0.715067778629,-0.637176402152,-0.55865864265,-0.474901837773,-0.390460114272,-0.296836377228,-0.202210071463,-0.101625025852,4.36307805906e-15
18.8,0.0,0.100711797858,0.20042090868,0.294307279387,0.387169332743,0.470899496816,0.553928115014,0.631809105201,0.709220677973,0.844636677378,0.970732624009,1.08155386231,1.18473542581,1.27305342624,1.35556591691,1.42730034655,1.49451627518,1.55120119906,1.60460370708,1.65051355562,1.69405419649,1.72977878764,1.76448541661,1.8223098919,1.86720740937,1.90393843334,1.93252129805,1.95586611075,1.97359297293,1.98801209938,1.99820813898,2.00642375941,2.01497229827,2.0154183011,2.00892630802,1.99605954907,1.96458049759,1.90211883809,1.80965962823,1.688661005,1.54103118897,1.36909839051,1.17557409258,0.963510288953,0.736251352498,0.497381292398,0.250667232195,-6.43251023151e-16,-0.250667232195,-0.497381292398,-0.736251352498,-0.963510288953,-1.17557409258,-1.36909839051,-1.54103118897,-1.688661005,-1.80965962823,-1.90211883809,-1.96458049759,-1.99605954907,-2.00892630802,-2.0154183011,-2.01497229827,-2.00642375941,-1.99820813898,-1.98801209938,-1.97359297293,-1.95586611075,-1.9325109537,-1.90392933064,-1.86722250102,-1.82232865279,-1.76449306197,-1.72977743714,-1.69406388232,-1.65052283181,-1.60458880468,-1.55117627661,-1.49450869503,-1.4272855846,-1.35555020044,-1.27303977509,-1.18472262942,-1.08153011577,-0.970720201665,-0.844625607345,-0.709212398851,-0.631804670996,-0.553930207822,-0.470900615253,-0.387171352734,-0.294308839691,-0.200423017061,-0.100713130138,4.32594436374e-15
19.200000000000003,0.0,0.0998690161809,0.198720134828,0.291791190804,0.384037998557,0.467106569108,0.549643459284,0.626866007648,0.703620658877,0.837944927735,0.963205683979,1.07321493523,1.17582878371,1.26363549323,1.34586882212,1.41731645296,1.48442079622,1.54097901555,1.59442283008,1.64029851868,1.68401834161,1.71985533385,1.7546996883,1.81287977157,1.85817735781,1.89556181983,1.92474766418,1.94879136326,1.96720950684,1.98218838405,1.9930946461,2.00195069526,2.01169444146,2.01318406208,2.00785407811,1.99605954907,1.96458049759,1.90211883809,1.80965962823,1.688661005,1.54103118897,1.36909839051,1.17557409258,0.963510288953,0.736251352498,0.497381292398,0.250667232195,-6.43251023151e-16,-0.250667232195,-0.497381292398,-0.736251352498,-0.963510288953,-1.17557409258,-1.36909839051,-1.54103118897,-1.688661005,-1.80965962823,-1.90211883809,-1.96458049759,-1.99605954907,-2.00785407811,-2.01320087795,-2.01166045299,-2.00189922586,-1.99303614652,-1.98218563422,-1.96715462138,-1.94877371027,-1.92475814959,-1.89556507067,-1.85821988186,-1.81288971994,-1.75467607225,-1.71983571511,-1.68400825796,-1.64031335598,-1.59441709144,-1.54099299066,-1.48443619341,-1.41733025343,-1.345885897,-1.26367059736,-1.17586905835,-1.07324532651,-0.963220583578,-0.837960775682,-0.703629249252,-0.626876590556,-0.549652662574,-0.467116039275,-0.384043127394,-0.29179421192,-0.198721551538,-0.0998694865877,4.29077696443e-15
19.6,0.0,0.0990695981906,0.197275085423,0.289568027349,0.380991354296,0.463415065635,0.545267246373,0.621889616394,0.698167873349,0.831628353599,0.955847889577,1.06526795514,1.16714782203,1.25441356585,1.33634012035,1.40766295675,1.47450819809,1.53085017943,1.5843292349,1.63009204761,1.67410695322,1.74518535728,1.80372957114,1.84944654676,1.88743212569,1.91722477843,1.94186304368,1.9609030882,1.97662448899,1.98792073662,1.99754109874,2.00837180096,2.01100344715,2.00678184819,1.99605954907,1.96458049759,1.90211883809,1.80965962823,1.688661005,1.54103118897,1.36909839051,1.17557409258,0.963510288953,0.736251352498,0.497381292398,0.250667232195,-6.43251023151e-16,-0.250667232195,-0.497381292398,-0.736251352498,-0.963510288953,-1.17557409258,-1.36909839051,-1.54103118897,-1.688661005,-1.80965962823,-1.90211883809,-1.96458049759,-1.99605954907,-2.00678184819,-2.01100344715,-2.00838265128,-1.99742848102,-1.98791854887,-1.97653887937,-1.96072654966,-1.94180289332,-1.91715137852,-1.88737239144,-1.84941066778,-1.80367728821,-1.74515515305,-1.6740968176,-1.63006679883,-1.58429625652,-1.53078342812,-1.47447075475,-1.40764952866,-1.33634572117,-1.25443124623,-1.16715806215,-1.06528532405,-0.955848245303,-0.831636322181,-0.698180105963,-0.621900764666,-0.545274068128,-0.463422393905,-0.380995464977,-0.289570526183,-0.197275010642,-0.0990690595752,4.25664241627e-15
20.0,0.0,0.0984857289575,0.196058205144,0.287778099255,0.37878285959,0.460667118701,0.542095784733,0.618364336894,0.694245788656,0.826925731653,0.950561767026,1.05944798139,1.16097874029,1.24807029695,1.32957529058,1.40070201712,1.46745203574,1.52366969405,1.57716305442,1.62292538377,1.66706630537,1.7382133964,1.79700877229,1.84309386008,1.88148428256,1.91176484339,1.93688115584,1.9562523585,1.97243677681,1.98416603672,1.99420202944,2.00587393935,2.00942115834,2.00600204462,1.99605954907,1.96458049759,1.90211883809,1.80965962823,1.688661005,1.54103118897,1.36909839051,1.17557409258,0.963510288953,0.736251352498,0.497381292398,0.250667232195,-6.43251023151e-16,-0.250667232195,-0.497381292398,-0.736251352498,-0.963510288953,-1.17557409258,-1.36909839051,-1.54103118897,-1.688661005,-1.80965962823,-1.90211883809,-1.96458049759,-1.99605954907,-2.00600204462,-2.00942115834,-2.00587039331,-1.99420550096,-1.98412675273,-1.97243116198,-1.9562357402,-1.93681975759,-1.91169568632,-1.88149947818,-1.84310813885,-1.79699631299,-1.73820444874,-1.667038116,-1.62290604889,-1.57716418662,-1.5236683215,-1.46745081578,-1.40067036259,-1.32959164698,-1.24807109242,-1.16096933096,-1.05942530006,-0.950538721748,-0.826904732332,-0.694228976302,-0.618351140217,-0.542091511426,-0.460661046392,-0.3787804111,-0.287777862657,-0.196053758085,-0.0984835813299,4.23192638477e-15
